"ID","sea_time","fid_signal"
1,0,139.691
2,0.001667,139.654
3,0.003333,139.773
4,0.005,139.773
5,0.006667,139.773
6,0.008333,139.631
7,0.01,139.177
8,0.011667,139.177
9,0.013333,138.901
10,0.015,138.938
11,0.016667,139.311
12,0.018317,139.311
13,0.019983,139.408
14,0.02165,139.549
15,0.023317,139.743
16,0.024983,139.743
17,0.026767,139.818
18,0.028317,140.116
19,0.029983,140.116
20,0.03165,140.324
21,0.033317,140.332
22,0.034983,140.019
23,0.03665,140.019
24,0.038317,140.034
25,0.039983,139.885
26,0.04165,139.713
27,0.043317,139.713
28,0.044983,139.765
29,0.04665,139.661
30,0.048317,139.639
31,0.049967,139.639
32,0.051633,139.706
33,0.0533,139.624
34,0.054967,139.624
35,0.056633,139.52
36,0.0583,139.907
37,0.059967,139.9
38,0.061633,139.9
39,0.0633,139.929
40,0.064967,140.034
41,0.066633,139.669
42,0.0683,139.669
43,0.069967,139.624
44,0.071633,139.661
45,0.07331699999999999,139.646
46,0.07496700000000001,139.646
47,0.07663300000000001,139.87
48,0.07829999999999999,139.892
49,0.07994999999999999,139.81
50,0.081617,139.81
51,0.083283,139.669
52,0.08495,139.877
53,0.086617,139.877
54,0.088283,139.974
55,0.08995,140.361
56,0.091617,140.414
57,0.093283,140.414
58,0.09495000000000001,139.9
59,0.09661699999999999,139.788
60,0.098283,139.333
61,0.09995,139.333
62,0.101617,139.482
63,0.103283,139.587
64,0.10495,139.713
65,0.106617,139.713
66,0.108283,139.929
67,0.10995,139.825
68,0.111683,139.803
69,0.113283,139.803
70,0.11495,139.832
71,0.116617,139.765
72,0.118283,139.765
73,0.11995,139.996
74,0.121617,140.086
75,0.123283,140.063
76,0.12495,140.063
77,0.126617,140.145
78,0.128283,139.84
79,0.12995,139.706
80,0.131633,139.706
81,0.133283,139.803
82,0.13495,139.758
83,0.136617,139.683
84,0.138283,139.683
85,0.139933,139.937
86,0.1416,139.892
87,0.143267,139.892
88,0.14505,140.056
89,0.1466,140.131
90,0.148267,140.078
91,0.149933,140.078
92,0.1516,139.758
93,0.153267,139.49
94,0.154933,139.728
95,0.1566,139.728
96,0.158267,139.475
97,0.159933,139.751
98,0.1616,139.765
99,0.163267,139.765
100,0.164933,139.594
101,0.1666,139.944
102,0.168267,139.944
103,0.169933,139.877
104,0.1716,140.198
105,0.173267,140.026
106,0.174933,140.026
107,0.1766,140.093
108,0.178267,140.108
109,0.179933,139.907
110,0.1816,139.907
111,0.183267,140.227
112,0.184933,139.982
113,0.1866,140.212
114,0.188267,140.212
115,0.189933,140.361
116,0.1916,140.049
117,0.193267,140.138
118,0.194933,140.138
119,0.1966,139.974
120,0.198267,139.669
121,0.199917,139.669
122,0.201583,139.974
123,0.203283,139.982
124,0.204917,139.728
125,0.206583,139.728
126,0.20825,139.728
127,0.209917,139.497
128,0.211583,139.631
129,0.21325,139.631
130,0.214917,139.542
131,0.216583,139.587
132,0.21825,139.445
133,0.219917,139.445
134,0.221583,139.281
135,0.22325,139.505
136,0.224917,139.505
137,0.226583,139.751
138,0.22825,140.011
139,0.229967,139.669
140,0.231583,139.669
141,0.23325,139.78
142,0.234917,139.825
143,0.236583,139.765
144,0.23825,139.765
145,0.239933,140.287
146,0.241583,140.272
147,0.243267,140.131
148,0.244917,140.131
149,0.246667,139.959
150,0.24825,139.721
151,0.249917,139.721
152,0.251583,139.52
153,0.25325,139.512
154,0.254917,139.698
155,0.256583,139.698
156,0.258233,139.728
157,0.2599,139.84
158,0.261567,139.967
159,0.263333,139.967
160,0.2649,140.183
161,0.266567,140.071
162,0.268233,140.175
163,0.2699,140.175
164,0.271567,140.227
165,0.273233,140.116
166,0.2749,140.175
167,0.276567,140.175
168,0.27825,139.87
169,0.280017,139.587
170,0.281567,139.587
171,0.283233,139.289
172,0.2849,139.356
173,0.286567,139.706
174,0.288233,139.706
175,0.2899,139.691
176,0.291567,139.676
177,0.293233,139.602
178,0.2949,139.602
179,0.296567,139.356
180,0.298233,139.326
181,0.2999,139.751
182,0.301567,139.751
183,0.303233,139.624
184,0.3049,139.579
185,0.306567,139.579
186,0.308233,139.765
187,0.3099,139.505
188,0.311567,139.408
189,0.313233,139.408
190,0.3149,139.453
191,0.316567,139.154
192,0.318217,139.073
193,0.319883,139.073
194,0.32155,139.296
195,0.323217,139.259
196,0.324883,139.318
197,0.32655,139.318
198,0.328217,139.363
199,0.329883,139.207
200,0.331567,139.028
201,0.333217,139.028
202,0.334883,139.184
203,0.33655,139.289
204,0.338217,139.289
205,0.3399,139.296
206,0.341533,139.773
207,0.3432,139.639
208,0.344867,139.639
209,0.346533,139.512
210,0.348217,139.646
211,0.349867,139.788
212,0.351533,139.788
213,0.3532,140.108
214,0.354867,140.123
215,0.356533,140.116
216,0.3582,140.116
217,0.359867,139.661
218,0.361533,139.326
219,0.3632,139.326
220,0.3649,139.363
221,0.366533,139.453
222,0.3682,139.505
223,0.369867,139.505
224,0.371533,139.438
225,0.3732,139.378
226,0.374867,139.423
227,0.376533,139.423
228,0.378183,139.758
229,0.37985,140.317
230,0.3816,140.667
231,0.383183,140.667
232,0.38485,140.943
233,0.386517,141.002
234,0.388183,140.712
235,0.38985,140.712
236,0.391517,140.838
237,0.393183,140.384
238,0.39485,140.384
239,0.396517,140.354
240,0.398183,140.727
241,0.39985,140.712
242,0.401517,140.712
243,0.403183,141.181
244,0.40485,141.382
245,0.406517,141.434
246,0.408183,141.434
247,0.40985,141.785
248,0.411533,142.008
249,0.413183,142.358
250,0.414867,142.358
251,0.416517,142.865
252,0.418183,143.118
253,0.41985,143.118
254,0.421517,143.759
255,0.423183,144.385
256,0.42485,145.413
257,0.426517,145.413
258,0.428183,146.568
259,0.42985,147.924
260,0.431517,150.241
261,0.433183,150.241
262,0.43485,152.782
263,0.436517,156.79
264,0.438183,162.147
265,0.439833,162.147
266,0.4415,169.069
267,0.443167,178.426
268,0.444833,178.426
269,0.4465,190.198
270,0.448167,205.263
271,0.449833,224.203
272,0.4515,224.203
273,0.453167,247.128
274,0.454833,275.671
275,0.4565,309.795
276,0.458167,309.795
277,0.459833,349.79
278,0.4615,396.87
279,0.463167,450.328
280,0.464833,450.328
281,0.466517,510.953
282,0.468167,578.7910000000001
283,0.469833,653.543
284,0.4715,653.543
285,0.473183,735.492
286,0.474833,824.578
287,0.4765,824.578
288,0.478167,920.475
289,0.479833,1023.069
290,0.4815,1131.661
291,0.4832,1131.661
292,0.484833,1245.849
293,0.4865,1365.207
294,0.488167,1489.021
295,0.489833,1489.021
296,0.4915,1617.558
297,0.493167,1750.089
298,0.494833,1886.45
299,0.496483,1886.45
300,0.49815,2026.424
301,0.499883,2168.991
302,0.501483,2168.991
303,0.50315,2314.098
304,0.504817,2461.039
305,0.506483,2609.864
306,0.50815,2609.864
307,0.509817,2759.74
308,0.511483,2910.51
309,0.51315,3061.645
310,0.514817,3061.645
311,0.516617,3212.661
312,0.51815,3363.14
313,0.519817,3512.271
314,0.521483,3512.271
315,0.52315,3659.762
316,0.524817,3804.81
317,0.526483,3947.698
318,0.52815,3947.698
319,0.529817,4086.919
320,0.531483,4221.998
321,0.53315,4221.998
322,0.534817,4352.443
323,0.536483,4477.024
324,0.53815,4596.263
325,0.539817,4596.263
326,0.541483,4708.901
327,0.54315,4814.886
328,0.544817,4914.18
329,0.5465,4914.18
330,0.54815,5005.568
331,0.549817,5089.752
332,0.5514829999999999,5166.113
333,0.55315,5166.113
334,0.554817,5234.517
335,0.5564829999999999,5295.016
336,0.558133,5295.016
337,0.5598,5347.453
338,0.561467,5392.082
339,0.563133,5428.545
340,0.5648,5428.545
341,0.5664670000000001,5457.975
342,0.568133,5480.304
343,0.569817,5495.556
344,0.5714669999999999,5495.556
345,0.573133,5504.548
346,0.5748,5507.551
347,0.576467,5504.906
348,0.578133,5504.906
349,0.5798,5497.858
350,0.581467,5485.706
351,0.583133,5467.765
352,0.5848,5467.765
353,0.586467,5444.929
354,0.588133,5417.727
355,0.5898,5417.727
356,0.591467,5387.619
357,0.593133,5355.5
358,0.5948,5321.07
359,0.596467,5321.07
360,0.598133,5284.235
361,0.5998,5245.03
362,0.601467,5203.91
363,0.603133,5203.91
364,0.6048,5161.621
365,0.606467,5117.878
366,0.608133,5073.212
367,0.6098,5073.212
368,0.611467,5027.741
369,0.613133,4981.764
370,0.6148,4981.764
371,0.616467,4934.825
372,0.618117,4887.365
373,0.619783,4840.121
374,0.6214499999999999,4840.121
375,0.623117,4792.646
376,0.624783,4745.163
377,0.62645,4696.712
378,0.628117,4696.712
379,0.629783,4646.845
380,0.63145,4596.509
381,0.6331,4546.568
382,0.634767,4546.568
383,0.636433,4497.826
384,0.6381,4450.016
385,0.639767,4450.016
386,0.641433,4402.652
387,0.6431,4355.535
388,0.644767,4308.417
389,0.646433,4308.417
390,0.6481,4262.038
391,0.649767,4216.239
392,0.651433,4170.544
393,0.6531,4170.544
394,0.654767,4125.483
395,0.65645,4081.137
396,0.6581,4037.462
397,0.659767,4037.462
398,0.661433,3994.971
399,0.6631,3953.338
400,0.664767,3911.615
401,0.6664330000000001,3911.615
402,0.6681,3870.122
403,0.669767,3829.002
404,0.6714329999999999,3829.002
405,0.6731,3788.009
406,0.674767,3747.888
407,0.676433,3708.258
408,0.678083,3708.258
409,0.67975,3669.046
410,0.6814170000000001,3630.273
411,0.683083,3591.582
412,0.68475,3591.582
413,0.6864170000000001,3553.815
414,0.688083,3516.615
415,0.68975,3480.002
416,0.6914670000000001,3480.002
417,0.693083,3444.031
418,0.69475,3408.276
419,0.696417,3408.276
420,0.698083,3372.528
421,0.69975,3337.465
422,0.701417,3303.118
423,0.703083,3303.118
424,0.70475,3269.337
425,0.706417,3236.249
426,0.708083,3203.578
427,0.70975,3203.578
428,0.711417,3171.243
429,0.713083,3139.362
430,0.71475,3108.188
431,0.716417,3108.188
432,0.718083,3077.306
433,0.719817,3046.55
434,0.721417,3015.742
435,0.723083,3015.742
436,0.72475,2985.09
437,0.726417,2954.796
438,0.728083,2954.796
439,0.72975,2925.232
440,0.731417,2896.227
441,0.733083,2867.691
442,0.73475,2867.691
443,0.736433,2839.2
444,0.738117,2811.193
445,0.739733,2783.477
446,0.7413999999999999,2783.477
447,0.743067,2756.074
448,0.744733,2729.289
449,0.7464,2702.266
450,0.748067,2702.266
451,0.749733,2675.697
452,0.7514,2649.821
453,0.7532,2624.102
454,0.754733,2624.102
455,0.7564,2598.696
456,0.758067,2573.483
457,0.759733,2573.483
458,0.7614,2548.069
459,0.7630670000000001,2523.311
460,0.764733,2498.917
461,0.7664,2498.917
462,0.7681,2475.068
463,0.769733,2451.435
464,0.7714,2427.884
465,0.7730669999999999,2427.884
466,0.774733,2404.966
467,0.7764,2382.211
468,0.778067,2359.688
469,0.779733,2359.688
470,0.7814,2337.18
471,0.783067,2314.925
472,0.784733,2314.925
473,0.7864,2292.737
474,0.788067,2270.661
475,0.789733,2249.189
476,0.7914,2249.189
477,0.793067,2227.597
478,0.794733,2206.259
479,0.7964,2185.471
480,0.798067,2185.471
481,0.799717,2164.669
482,0.801383,2144.322
483,0.80305,2124.094
484,0.804717,2124.094
485,0.806383,2103.984
486,0.80805,2084.062
487,0.809717,2084.062
488,0.811383,2064.072
489,0.8130500000000001,2044.998
490,0.814717,2025.858
491,0.816383,2025.858
492,0.818067,2006.955
493,0.819717,1988.232
494,0.821383,1969.479
495,0.823067,1969.479
496,0.824717,1951.337
497,0.826383,1933.396
498,0.82805,1915.716
499,0.829717,1915.716
500,0.831383,1898.058
501,0.833083,1880.199
502,0.834717,1862.429
503,0.836383,1862.429
504,0.838117,1844.913
505,0.839717,1827.672
506,0.841383,1827.672
507,0.84305,1810.864
508,0.8447170000000001,1794.502
509,0.846383,1778.327
510,0.84805,1778.327
511,0.8497169999999999,1761.787
512,0.851383,1745.298
513,0.85305,1729.198
514,0.8547,1729.198
515,0.856383,1713.023
516,0.858033,1697.093
517,0.8597,1681.32
518,0.861367,1681.32
519,0.8630330000000001,1665.57
520,0.8647,1650.207
521,0.866367,1650.207
522,0.8680330000000001,1634.948
523,0.8697,1620.024
524,0.871367,1605.056
525,0.8730329999999999,1605.056
526,0.8747,1590.282
527,0.876367,1576.26
528,0.878033,1561.731
529,0.8797,1561.731
530,0.881367,1547.299
531,0.883033,1532.987
532,0.8847,1518.272
533,0.886367,1518.272
534,0.888033,1504.116
535,0.8897,1490.548
536,0.891367,1490.548
537,0.893033,1476.847
538,0.8947000000000001,1463.123
539,0.896367,1449.779
540,0.898033,1449.779
541,0.8997000000000001,1436.092
542,0.901367,1423.076
543,0.903033,1410.507
544,0.9046999999999999,1410.507
545,0.9064,1397.796
546,0.908033,1385.547
547,0.9097,1373.172
548,0.911367,1373.172
549,0.913033,1360.722
550,0.9147,1348.838
551,0.916367,1336.701
552,0.918017,1336.701
553,0.919683,1324.46
554,0.92135,1312.554
555,0.923017,1312.554
556,0.924667,1300.223
557,0.926333,1288.213
558,0.928,1276.448
559,0.929667,1276.448
560,0.931333,1264.84
561,0.9330000000000001,1253.799
562,0.934667,1242.377
563,0.936333,1242.377
564,0.9379999999999999,1231.03
565,0.939667,1220.018
566,0.941333,1209.013
567,0.9429999999999999,1209.013
568,0.944667,1198.649
569,0.946333,1188.323
570,0.948,1188.323
571,0.949667,1177.922
572,0.951333,1167.573
573,0.953,1157.112
574,0.954667,1157.112
575,0.956383,1146.823
576,0.958,1136.482
577,0.959667,1126.297
578,0.961333,1126.297
579,0.963,1116.768
580,0.9646670000000001,1107.283
581,0.966333,1097.649
582,0.968,1097.649
583,0.9696669999999999,1087.748
584,0.971333,1077.667
585,0.973,1067.884
586,0.974667,1067.884
587,0.976333,1058.757
588,0.978,1049.928
589,0.97965,1049.928
590,0.981317,1040.868
591,0.9829830000000001,1032.025
592,0.98465,1022.644
593,0.986317,1022.644
594,0.9879829999999999,1013.629
595,0.989783,1004.748
596,0.991317,995.897
597,0.993,995.897
598,0.99465,987.5
599,0.996317,979.371
600,0.997983,971.213
601,0.99965,971.213
602,1.001317,963.01
603,1.002983,954.881
604,1.00465,954.881
605,1.006317,946.447
606,1.007983,938.609
607,1.00965,930.801
608,1.011317,930.801
609,1.012983,923.276
610,1.01465,915.52
611,1.016317,907.704
612,1.017983,907.704
613,1.01965,900.052
614,1.021317,892.311
615,1.022983,884.987
616,1.02465,884.987
617,1.026317,877.783
618,1.027983,870.503
619,1.02965,870.503
620,1.031317,863.6559999999999
621,1.032983,856.504
622,1.03465,849.366
623,1.036317,849.366
624,1.037967,842.273
625,1.039633,835.203
626,1.0413,828.5940000000001
627,1.042967,828.5940000000001
628,1.044633,821.6950000000001
629,1.046333,815.302
630,1.047967,808.686
631,1.0497,808.686
632,1.0513,802.174
633,1.052967,795.878
634,1.054633,789.516
635,1.0563,789.516
636,1.057967,783.116
637,1.059633,777.014
638,1.0613,777.014
639,1.062967,770.837
640,1.064633,764.7569999999999
641,1.0663,758.76
642,1.067967,758.76
643,1.069633,753
644,1.0713,747.152
645,1.072967,741.296
646,1.074667,741.296
647,1.0763,735.544
648,1.077967,729.427
649,1.079633,723.951
650,1.0813,723.951
651,1.082967,718.2809999999999
652,1.084633,712.775
653,1.0863,712.775
654,1.087967,707.529
655,1.089633,701.979
656,1.09135,696.726
657,1.092967,696.726
658,1.094633,691.429
659,1.096283,686.258
660,1.09795,681.013
661,1.099617,681.013
662,1.101283,675.909
663,1.10295,670.873
664,1.104617,665.747
665,1.106283,665.747
666,1.10805,661.12
667,1.109617,656.202
668,1.111283,651.3150000000001
669,1.11295,651.3150000000001
670,1.114617,646.39
671,1.116283,641.465
672,1.11795,641.465
673,1.119617,636.8680000000001
674,1.1213,632.2859999999999
675,1.12295,627.749
676,1.124733,627.749
677,1.126283,623.114
678,1.12795,618.249
679,1.129617,613.816
680,1.131283,613.816
681,1.13295,609.398
682,1.134617,604.928
683,1.136283,600.778
684,1.13795,600.778
685,1.139617,596.6130000000001
686,1.141283,592.217
687,1.14295,592.217
688,1.144617,588.35
689,1.146283,584.3339999999999
690,1.14795,580.326
691,1.149617,580.326
692,1.151283,576.466
693,1.15295,571.899
694,1.154617,567.645
695,1.156283,567.645
696,1.157933,563.689
697,1.1596,559.971
698,1.161267,556.424
699,1.162933,556.424
700,1.1646,552.841
701,1.166267,548.705
702,1.167933,544.66
703,1.1696,544.66
704,1.171267,540.949
705,1.172933,537.261
706,1.1746,537.261
707,1.176267,534.11
708,1.177933,530.817
709,1.1796,527.322
710,1.181267,527.322
711,1.182933,523.798
712,1.1846,520.125
713,1.186267,516.646
714,1.187933,516.646
715,1.1896,513.442
716,1.191283,510.439
717,1.193,507.101
718,1.1946,507.101
719,1.196267,503.734
720,1.197933,500.485
721,1.1996,500.485
722,1.201267,496.991
723,1.202933,493.772
724,1.2046,490.762
725,1.206267,490.762
726,1.207933,487.313
727,1.209667,484.325
728,1.211267,481.479
729,1.212933,481.479
730,1.2146,478.618
731,1.21625,475.734
732,1.2179,472.523
733,1.219567,472.523
734,1.221233,469.044
735,1.2229,465.743
736,1.224567,465.743
737,1.226317,462.927
738,1.2279,460.17
739,1.229567,457.607
740,1.231233,457.607
741,1.2329,454.724
742,1.234567,452.243
743,1.236233,449.769
744,1.2379,449.769
745,1.239567,447.37
746,1.241233,444.941
747,1.243,442.147
748,1.244567,442.147
749,1.246233,439.54
750,1.2479,436.775
751,1.249567,434.369
752,1.251233,434.369
753,1.2529,431.962
754,1.254567,429.682
755,1.256233,429.682
756,1.2579,427.35
757,1.259567,424.765
758,1.261233,422.195
759,1.2629,422.195
760,1.264567,419.52
761,1.266233,417.173
762,1.2679,414.945
763,1.2696,414.945
764,1.271233,412.554
765,1.2729,410.274
766,1.274567,407.733
767,1.276217,407.733
768,1.277883,405.177
769,1.27955,403.129
770,1.281217,403.129
771,1.282883,400.99
772,1.28455,399.038
773,1.286217,397.272
774,1.287883,397.272
775,1.28955,395
776,1.291217,392.742
777,1.292883,390.448
778,1.29455,390.448
779,1.296217,388.145
780,1.297883,386.037
781,1.29955,383.943
782,1.301217,383.943
783,1.302883,382.088
784,1.30455,380.144
785,1.306217,378.266
786,1.307883,378.266
787,1.30955,376.47
788,1.311217,374.414
789,1.312883,374.414
790,1.31455,372.32
791,1.316217,370.502
792,1.317883,368.483
793,1.31955,368.483
794,1.321217,366.755
795,1.322883,365.078
796,1.32455,362.97
797,1.326217,362.97
798,1.327933,361.256
799,1.32955,359.178
800,1.331217,357.345
801,1.332883,357.345
802,1.33455,355.773
803,1.33625,353.813
804,1.337867,353.813
805,1.339533,352.055
806,1.3412,350.565
807,1.342867,349.231
808,1.344617,349.231
809,1.3462,347.86
810,1.347867,346.355
811,1.349533,344.56
812,1.3512,344.56
813,1.352867,342.473
814,1.354533,340.641
815,1.3562,339.083
816,1.357867,339.083
817,1.359533,337.303
818,1.3613,335.842
819,1.362867,334.434
820,1.364533,334.434
821,1.3662,333.324
822,1.367867,332.348
823,1.369533,332.348
824,1.3712,331.074
825,1.372867,329.8
826,1.374533,327.908
827,1.3762,327.908
828,1.377867,325.881
829,1.379533,324.152
830,1.3812,322.372
831,1.382867,322.372
832,1.384533,320.949
833,1.3862,319.913
834,1.387867,318.49
835,1.389533,318.49
836,1.3912,317.052
837,1.392867,315.659
838,1.394533,315.659
839,1.3962,314.452
840,1.39785,313.602
841,1.399517,312.671
842,1.401183,312.671
843,1.40285,311.606
844,1.404517,310.026
845,1.406183,308.216
846,1.40785,308.216
847,1.40955,306.763
848,1.411183,305.489
849,1.41285,304.021
850,1.414517,304.021
851,1.416183,303.082
852,1.41785,301.875
853,1.419517,300.467
854,1.421183,300.467
855,1.42285,299.253
856,1.424517,297.636
857,1.426183,297.636
858,1.42785,296.183
859,1.429517,294.79
860,1.431183,293.702
861,1.43285,293.702
862,1.434517,292.689
863,1.436183,291.534
864,1.43785,290.826
865,1.439517,290.826
866,1.441183,290.036
867,1.44285,288.844
868,1.444517,287.756
869,1.446183,287.756
870,1.44785,286.318
871,1.449533,284.962
872,1.451183,284.962
873,1.45285,283.994
874,1.454517,283.033
875,1.456183,282.094
876,1.457833,282.094
877,1.4595,281.036
878,1.461167,279.963
879,1.462833,279.263
880,1.4645,279.263
881,1.466167,278.547
882,1.467833,277.743
883,1.4695,276.782
884,1.471167,276.782
885,1.472833,275.418
886,1.4745,274.196
887,1.476167,274.196
888,1.477833,272.974
889,1.479617,271.872
890,1.481167,270.993
891,1.482833,270.993
892,1.48455,269.949
893,1.486167,268.906
894,1.487833,268.079
895,1.4895,268.079
896,1.491167,267.193
897,1.492833,266.269
898,1.4945,265.457
899,1.496167,265.457
900,1.497833,264.905
901,1.4995,263.922
902,1.501167,263.169
903,1.502833,263.169
904,1.5045,262.536
905,1.50615,261.344
906,1.507817,261.344
907,1.509483,260.361
908,1.51115,259.444
909,1.512817,258.207
910,1.514483,258.207
911,1.51615,257.485
912,1.5178,256.754
913,1.519467,255.913
914,1.521133,255.913
915,1.5228,255.302
916,1.524467,254.333
917,1.526133,253.402
918,1.5278,253.402
919,1.529467,252.381
920,1.531133,251.465
921,1.5328,251.465
922,1.534467,250.794
923,1.536133,250.265
924,1.5378,249.609
925,1.539467,249.609
926,1.541133,248.767
927,1.5428,248.082
928,1.544467,247.099
929,1.546133,247.099
930,1.5478,246.242
931,1.549483,245.802
932,1.551133,244.692
933,1.5528,244.692
934,1.554467,243.992
935,1.556133,243.329
936,1.5578,242.546
937,1.559467,242.546
938,1.561133,242.077
939,1.5628,241.503
940,1.564517,241.503
941,1.566133,241.153
942,1.5678,240.318
943,1.569467,239.76
944,1.571133,239.76
945,1.5728,238.91
946,1.574467,238.001
947,1.576133,237.331
948,1.577783,237.331
949,1.57945,236.548
950,1.581117,235.908
951,1.582783,235.14
952,1.58445,235.14
953,1.586117,234.492
954,1.587783,233.874
955,1.58945,233.874
956,1.591117,233.576
957,1.592783,233.084
958,1.59445,232.987
959,1.596117,232.987
960,1.597917,232.562
961,1.59945,231.683
962,1.601117,231.08
963,1.602783,231.08
964,1.60445,230.037
965,1.606133,229.225
966,1.607783,228.561
967,1.60945,228.561
968,1.611117,228.181
969,1.612783,227.481
970,1.61445,226.833
971,1.616117,226.833
972,1.617783,226.274
973,1.61945,225.663
974,1.621117,225.663
975,1.622783,225.164
976,1.624467,224.493
977,1.626117,223.964
978,1.6278,223.964
979,1.62945,223.368
980,1.631117,222.862
981,1.632783,222.571
982,1.63445,222.571
983,1.636117,222.072
984,1.637767,221.282
985,1.639433,220.82
986,1.6411,220.82
987,1.642767,220.366
988,1.644433,219.74
989,1.6461,219.74
990,1.647767,219.129
991,1.649433,218.347
992,1.6511,217.579
993,1.652767,217.579
994,1.654433,217.393
995,1.6561,216.842
996,1.657767,216.298
997,1.659433,216.298
998,1.6611,215.739
999,1.662767,214.986
1000,1.664433,214.815
1001,1.6661,214.815
1002,1.667767,214.756
1003,1.669433,214.51
1004,1.6711,214.51
1005,1.672767,214.346
1006,1.674433,213.973
1007,1.6761,213.355
1008,1.677767,213.355
1009,1.679433,212.997
1010,1.6811,212.379
1011,1.682867,211.611
1012,1.684433,211.611
1013,1.6861,211.06
1014,1.687767,210.404
1015,1.689433,209.928
1016,1.6911,209.928
1017,1.692767,209.533
1018,1.694433,209.175
1019,1.6961,208.87
1020,1.69775,208.87
1021,1.699417,208.4
1022,1.701083,208.065
1023,1.70275,208.065
1024,1.704417,207.476
1025,1.706083,206.731
1026,1.70775,206.456
1027,1.709417,206.456
1028,1.711083,205.904
1029,1.71275,205.621
1030,1.714417,205.487
1031,1.716233,205.487
1032,1.71775,205.01
1033,1.719417,204.965
1034,1.721083,204.556
1035,1.72275,204.556
1036,1.724417,203.9
1037,1.726083,203.2
1038,1.72775,203.2
1039,1.729417,202.76
1040,1.731083,202.425
1041,1.73275,202.157
1042,1.734417,202.157
1043,1.736083,202.179
1044,1.73775,201.665
1045,1.739417,201.136
1046,1.741083,201.136
1047,1.74275,201.002
1048,1.744417,200.659
1049,1.746083,200.458
1050,1.74775,200.458
1051,1.749417,200.257
1052,1.751083,199.765
1053,1.75275,199.094
1054,1.754417,199.094
1055,1.756083,198.454
1056,1.75775,198.059
1057,1.7594,198.059
1058,1.7611,197.731
1059,1.762733,197.485
1060,1.764433,197.105
1061,1.766067,197.105
1062,1.767733,196.472
1063,1.7694,195.809
1064,1.771067,195.228
1065,1.772733,195.228
1066,1.7744,195.034
1067,1.776067,194.944
1068,1.777733,194.825
1069,1.7794,194.825
1070,1.781067,194.713
1071,1.782733,194.363
1072,1.7844,194.363
1073,1.786067,194.333
1074,1.787733,194.006
1075,1.7894,193.67
1076,1.791067,193.67
1077,1.792733,193.357
1078,1.7944,192.747
1079,1.796067,192.411
1080,1.797717,192.411
1081,1.7994,192.121
1082,1.801117,191.674
1083,1.802717,191.256
1084,1.804383,191.256
1085,1.80605,191.033
1086,1.807717,190.564
1087,1.809383,190.564
1088,1.81105,190.37
1089,1.812717,190.169
1090,1.814383,189.96
1091,1.81605,189.96
1092,1.8177,189.804
1093,1.819367,189.357
1094,1.821033,189.014
1095,1.8227,189.014
1096,1.824367,188.835
1097,1.826033,188.887
1098,1.8277,188.678
1099,1.829367,188.678
1100,1.831033,188.41
1101,1.8327,187.941
1102,1.834417,187.36
1103,1.836033,187.36
1104,1.837733,187.233
1105,1.839367,186.928
1106,1.841033,186.928
1107,1.8427,186.518
1108,1.844367,186.309
1109,1.846033,185.907
1110,1.8477,185.907
1111,1.849367,185.572
1112,1.851033,185.221
1113,1.8527,184.797
1114,1.854367,184.797
1115,1.856033,184.961
1116,1.8577,184.856
1117,1.859367,184.67
1118,1.861033,184.67
1119,1.8627,184.588
1120,1.864367,183.888
1121,1.866033,183.888
1122,1.8677,184.007
1123,1.869367,183.91
1124,1.871033,183.88
1125,1.8727,183.88
1126,1.874367,183.813
1127,1.876017,183.053
1128,1.877683,182.852
1129,1.87935,182.852
1130,1.881017,182.383
1131,1.882683,182.092
1132,1.88435,181.913
1133,1.886017,181.913
1134,1.887683,181.563
1135,1.88935,181.094
1136,1.891017,180.647
1137,1.892683,180.647
1138,1.89435,180.379
1139,1.896017,180.326
1140,1.897683,180.326
1141,1.89935,180.282
1142,1.901017,180.23
1143,1.902683,180.319
1144,1.90435,180.319
1145,1.906017,180.021
1146,1.907683,179.857
1147,1.90935,179.984
1148,1.911017,179.984
1149,1.912683,179.574
1150,1.91435,179.373
1151,1.916017,179.276
1152,1.917683,179.276
1153,1.919383,178.739
1154,1.921017,178.598
1155,1.922683,178.598
1156,1.92435,178.486
1157,1.926017,178.33
1158,1.927683,178.151
1159,1.92935,178.151
1160,1.931017,178.024
1161,1.932683,177.696
1162,1.93435,177.041
1163,1.936117,177.041
1164,1.937667,176.75
1165,1.939333,176.452
1166,1.941,176.221
1167,1.942667,176.221
1168,1.944333,176.132
1169,1.946,176.281
1170,1.947667,176.132
1171,1.949333,176.132
1172,1.951,175.811
1173,1.952667,175.916
1174,1.954333,175.916
1175,1.956,175.357
1176,1.957667,175.372
1177,1.959333,175.327
1178,1.961,175.327
1179,1.962667,175.096
1180,1.964333,174.932
1181,1.966,174.5
1182,1.967667,174.5
1183,1.969367,174.254
1184,1.971,174.314
1185,1.972667,174.142
1186,1.974333,174.142
1187,1.976,173.904
1188,1.977667,173.777
1189,1.979333,173.777
1190,1.981,173.554
1191,1.982667,173.636
1192,1.984333,173.651
1193,1.986,173.651
1194,1.987667,173.546
1195,1.989333,173.248
1196,1.991,172.69
1197,1.992667,172.69
1198,1.994333,172.459
1199,1.996,172.287
1200,1.99765,171.915
1201,1.999317,171.915
1202,2.000983,171.84
1203,2.00265,171.348
1204,2.004333,170.998
1205,2.005983,170.998
1206,2.00765,170.939
1207,2.009317,170.961
1208,2.010983,170.961
1209,2.01265,171.028
1210,2.014317,170.946
1211,2.015983,170.492
1212,2.01765,170.492
1213,2.019317,170.335
1214,2.020983,170.29
1215,2.02265,170.298
1216,2.024317,170.298
1217,2.025983,170.186
1218,2.027667,169.903
1219,2.029317,169.635
1220,2.030983,169.635
1221,2.03265,169.292
1222,2.034317,169.396
1223,2.035983,169.396
1224,2.03765,169.113
1225,2.039317,168.905
1226,2.040983,168.696
1227,2.04265,168.696
1228,2.044333,168.473
1229,2.045983,168.547
1230,2.04765,168.666
1231,2.049317,168.666
1232,2.050983,168.435
1233,2.05265,168.271
1234,2.054383,167.981
1235,2.055983,167.981
1236,2.057633,167.668
1237,2.0593,167.787
1238,2.060967,167.787
1239,2.062633,167.616
1240,2.0643,167.549
1241,2.065967,167.467
1242,2.067633,167.467
1243,2.0693,167.236
1244,2.071033,167.064
1245,2.072633,167.079
1246,2.0743,167.079
1247,2.075967,167.02
1248,2.077633,166.789
1249,2.0793,166.766
1250,2.080967,166.766
1251,2.082633,166.468
1252,2.0843,166.17
1253,2.085967,166.029
1254,2.087667,166.029
1255,2.089283,165.88
1256,2.09095,165.738
1257,2.092617,165.738
1258,2.094283,165.612
1259,2.09595,165.842
1260,2.097617,165.679
1261,2.099283,165.679
1262,2.10095,165.641
1263,2.102617,165.537
1264,2.104283,165.075
1265,2.10595,165.075
1266,2.107617,165.075
1267,2.109283,164.852
1268,2.11095,164.703
1269,2.112617,164.703
1270,2.114283,164.561
1271,2.115933,164.352
1272,2.117633,164.352
1273,2.119267,164.628
1274,2.120933,164.628
1275,2.1226,164.844
1276,2.124267,164.844
1277,2.125933,164.784
1278,2.1276,164.39
1279,2.129267,164.196
1280,2.130933,164.196
1281,2.1326,163.935
1282,2.134267,163.734
1283,2.135933,163.592
1284,2.1376,163.592
1285,2.139267,163.54
1286,2.140933,163.525
1287,2.1426,163.347
1288,2.144267,163.347
1289,2.145933,163.101
1290,2.1476,163.026
1291,2.149267,163.026
1292,2.150933,162.594
1293,2.1526,162.84
1294,2.154267,162.959
1295,2.155933,162.959
1296,2.1576,162.594
1297,2.159267,162.37
1298,2.160933,161.886
1299,2.1626,161.886
1300,2.164267,161.946
1301,2.165933,162.259
1302,2.1676,162.721
1303,2.169267,162.721
1304,2.170933,162.885
1305,2.172633,162.534
1306,2.174267,162.534
1307,2.175933,162.11
1308,2.177583,161.819
1309,2.17925,161.402
1310,2.180917,161.402
1311,2.182583,161.402
1312,2.18425,161.491
1313,2.185917,161.238
1314,2.187583,161.238
1315,2.18925,161.201
1316,2.190917,160.925
1317,2.192583,160.553
1318,2.19425,160.553
1319,2.195917,160.433
1320,2.197583,160.351
1321,2.19925,160.336
1322,2.200917,160.336
1323,2.2026,160.433
1324,2.20425,160.396
1325,2.206017,160.396
1326,2.207583,160.5
1327,2.20925,160.709
1328,2.210917,160.865
1329,2.212583,160.865
1330,2.21425,160.903
1331,2.215917,160.582
1332,2.217583,160.322
1333,2.21925,160.322
1334,2.220917,159.927
1335,2.222583,159.889
1336,2.22425,160.016
1337,2.225917,160.016
1338,2.227583,159.74
1339,2.22925,159.658
1340,2.230917,159.658
1341,2.232583,159.316
1342,2.23425,158.586
1343,2.235917,158.347
1344,2.237567,158.347
1345,2.239233,158.347
1346,2.2409,158.489
1347,2.242567,158.951
1348,2.244233,158.951
1349,2.2459,159.003
1350,2.247567,158.727
1351,2.249233,158.675
1352,2.2509,158.675
1353,2.252583,158.489
1354,2.254233,158.466
1355,2.2559,158.466
1356,2.2576,158.399
1357,2.259233,158.265
1358,2.2609,158.615
1359,2.262567,158.615
1360,2.264233,158.414
1361,2.2659,158.235
1362,2.267567,158.101
1363,2.269233,158.101
1364,2.2709,158.004
1365,2.272567,158.027
1366,2.274233,158.302
1367,2.2759,158.302
1368,2.277567,158.042
1369,2.279233,157.714
1370,2.2809,157.52
1371,2.282567,157.52
1372,2.284233,157.259
1373,2.2859,157.431
1374,2.287567,157.431
1375,2.289233,157.17
1376,2.2909,157.103
1377,2.292567,156.917
1378,2.294233,156.917
1379,2.2959,156.656
1380,2.29755,156.79
1381,2.299217,156.775
1382,2.300883,156.775
1383,2.30255,156.894
1384,2.304217,157.185
1385,2.305883,157.036
1386,2.30755,157.036
1387,2.309217,156.723
1388,2.310883,156.417
1389,2.31255,156.417
1390,2.314217,156
1391,2.315883,156.112
1392,2.31755,156.38
1393,2.319217,156.38
1394,2.320883,156.373
1395,2.32255,156.231
1396,2.324333,156.127
1397,2.325883,156.127
1398,2.32755,155.859
1399,2.329217,155.866
1400,2.330883,155.918
1401,2.3326,155.918
1402,2.334217,155.807
1403,2.335883,155.948
1404,2.33755,155.956
1405,2.339217,155.956
1406,2.340883,155.911
1407,2.34255,155.71
1408,2.344217,155.71
1409,2.345883,155.449
1410,2.34755,155.337
1411,2.349217,155.27
1412,2.350883,155.27
1413,2.35255,155.278
1414,2.354217,155.412
1415,2.355883,155.531
1416,2.357533,155.531
1417,2.3592,155.449
1418,2.360867,155.635
1419,2.362533,155.568
1420,2.3642,155.568
1421,2.365867,155.203
1422,2.367533,155.248
1423,2.3692,155.248
1424,2.370867,154.741
1425,2.372533,154.868
1426,2.3742,155.032
1427,2.375867,155.032
1428,2.377533,155.084
1429,2.3792,155.106
1430,2.38085,154.823
1431,2.382517,154.823
1432,2.384183,154.823
1433,2.38585,154.473
1434,2.387517,154.682
1435,2.389183,154.682
1436,2.39085,154.749
1437,2.392517,154.644
1438,2.3942,154.525
1439,2.39585,154.525
1440,2.397517,154.1
1441,2.399183,153.668
1442,2.40085,153.668
1443,2.402517,153.422
1444,2.404183,153.504
1445,2.405867,153.445
1446,2.407517,153.445
1447,2.409183,153.527
1448,2.41085,153.445
1449,2.412517,153.124
1450,2.414183,153.124
1451,2.41585,153.065
1452,2.4175,152.901
1453,2.419167,152.893
1454,2.420833,152.893
1455,2.4225,153.095
1456,2.424167,153.318
1457,2.425833,153.318
1458,2.4275,153.571
1459,2.429167,153.549
1460,2.430833,153.601
1461,2.4325,153.601
1462,2.434167,153.4
1463,2.435833,153.221
1464,2.4375,153.08
1465,2.439167,153.08
1466,2.440833,152.901
1467,2.442617,152.692
1468,2.444167,152.647
1469,2.445833,152.647
1470,2.4475,152.834
1471,2.449167,152.975
1472,2.450833,152.975
1473,2.4525,153.333
1474,2.454167,153.303
1475,2.455833,152.744
1476,2.4575,152.744
1477,2.459167,152.402
1478,2.460833,151.94
1479,2.4625,151.59
1480,2.464167,151.59
1481,2.465833,151.739
1482,2.4675,151.984
1483,2.469167,152.275
1484,2.470833,152.275
1485,2.4725,152.655
1486,2.474167,152.737
1487,2.475833,152.506
1488,2.477483,152.506
1489,2.47915,152.074
1490,2.480817,151.925
1491,2.482483,151.925
1492,2.48415,151.619
1493,2.485817,151.575
1494,2.487483,151.552
1495,2.48915,151.552
1496,2.490817,151.396
1497,2.492483,151.768
1498,2.494167,151.612
1499,2.495817,151.612
1500,2.497483,151.835
1501,2.49915,152.096
1502,2.500817,151.94
1503,2.502483,151.94
1504,2.50415,151.873
1505,2.505817,151.657
1506,2.507483,151.657
1507,2.50915,151.254
1508,2.510817,151.165
1509,2.512483,151.053
1510,2.51415,151.053
1511,2.515817,150.926
1512,2.517483,150.852
1513,2.51915,150.755
1514,2.520817,150.755
1515,2.522483,150.628
1516,2.52415,150.636
1517,2.525817,150.762
1518,2.52755,150.762
1519,2.52915,150.919
1520,2.530817,151.291
1521,2.532483,151.441
1522,2.53415,151.441
1523,2.535817,151.284
1524,2.537467,150.956
1525,2.53915,150.956
1526,2.5408,150.554
1527,2.542467,150.673
1528,2.544133,150.651
1529,2.5458,150.651
1530,2.547467,150.807
1531,2.549133,150.941
1532,2.5508,150.688
1533,2.552467,150.688
1534,2.554133,150.561
1535,2.5558,150.248
1536,2.557467,150.062
1537,2.559133,150.062
1538,2.5609,149.898
1539,2.562467,150.077
1540,2.564133,150.077
1541,2.5658,150.621
1542,2.567467,150.912
1543,2.569133,151.031
1544,2.5708,151.031
1545,2.572467,150.807
1546,2.574133,150.703
1547,2.5758,150.554
1548,2.577467,150.554
1549,2.579133,150.479
1550,2.580817,150.83
1551,2.582467,150.383
1552,2.584133,150.383
1553,2.5858,150.45
1554,2.587467,150.293
1555,2.589133,149.891
1556,2.5908,149.891
1557,2.592467,150.062
1558,2.594133,150.107
1559,2.5958,150.107
1560,2.59745,149.973
1561,2.599117,149.831
1562,2.600783,149.682
1563,2.60245,149.682
1564,2.604117,149.459
1565,2.6058,150.01
1566,2.60745,149.921
1567,2.609117,149.921
1568,2.610817,149.824
1569,2.61245,149.675
1570,2.614117,149.414
1571,2.615783,149.414
1572,2.61745,149.719
1573,2.619117,149.66
1574,2.620783,149.66
1575,2.62245,149.734
1576,2.624117,149.839
1577,2.625783,149.757
1578,2.62745,149.757
1579,2.629117,149.943
1580,2.630783,150.107
1581,2.63245,149.921
1582,2.634117,149.921
1583,2.635783,149.786
1584,2.63745,149.608
1585,2.639117,149.302
1586,2.640783,149.302
1587,2.64245,148.967
1588,2.644117,148.825
1589,2.645833,148.818
1590,2.64745,148.818
1591,2.649117,148.773
1592,2.650783,148.892
1593,2.65245,148.892
1594,2.654117,148.885
1595,2.655783,148.93
1596,2.65745,149.161
1597,2.6591,149.161
1598,2.660767,149.086
1599,2.66255,149.101
1600,2.6641,149.012
1601,2.665767,149.012
1602,2.667433,148.46
1603,2.6691,148.416
1604,2.670767,148.483
1605,2.672417,148.483
1606,2.674083,148.617
1607,2.67575,148.93
1608,2.677417,148.93
1609,2.67915,149.012
1610,2.68075,149.116
1611,2.682417,148.743
1612,2.684083,148.743
1613,2.68575,148.386
1614,2.687417,148.199
1615,2.689083,148.043
1616,2.69075,148.043
1617,2.692417,148.147
1618,2.694083,148.267
1619,2.69575,148.095
1620,2.697417,148.095
1621,2.699083,148.125
1622,2.70075,148.162
1623,2.702417,148.162
1624,2.704083,148.214
1625,2.70575,148.669
1626,2.707417,148.289
1627,2.709083,148.289
1628,2.71075,148.006
1629,2.712417,147.857
1630,2.714083,147.7
1631,2.715733,147.7
1632,2.7174,148.185
1633,2.719067,148.281
1634,2.720733,148.289
1635,2.7224,148.289
1636,2.724067,147.976
1637,2.725733,147.685
1638,2.7274,148.006
1639,2.729067,148.006
1640,2.730733,148.05
1641,2.7324,148.311
1642,2.734067,148.311
1643,2.735733,148.378
1644,2.7374,147.842
1645,2.739067,147.678
1646,2.740733,147.678
1647,2.7424,147.536
1648,2.744083,147.559
1649,2.745733,147.894
1650,2.7474,147.894
1651,2.749067,148.155
1652,2.750733,148.118
1653,2.7524,147.864
1654,2.754067,147.864
1655,2.755733,147.782
1656,2.7574,147.551
1657,2.759067,147.551
1658,2.760733,147.35
1659,2.7624,147.574
1660,2.764083,147.41
1661,2.765733,147.41
1662,2.7674,147.469
1663,2.769067,147.7
1664,2.770733,147.596
1665,2.7724,147.596
1666,2.774067,147.685
1667,2.775733,147.492
1668,2.777383,147.238
1669,2.77905,147.238
1670,2.780833,146.933
1671,2.782383,146.68
1672,2.78405,147.022
1673,2.785717,147.022
1674,2.787383,147.127
1675,2.78905,147.574
1676,2.790717,147.574
1677,2.792383,148.11
1678,2.79405,148.028
1679,2.795717,148.088
1680,2.7975,148.088
1681,2.79905,147.82
1682,2.800717,147.246
1683,2.802383,147.015
1684,2.80405,147.015
1685,2.805717,146.821
1686,2.807383,146.68
1687,2.80905,146.747
1688,2.810717,146.747
1689,2.812383,147.015
1690,2.81415,147.365
1691,2.815717,147.365
1692,2.817383,147.626
1693,2.81905,147.723
1694,2.820717,147.417
1695,2.8224,147.417
1696,2.8241,147.149
1697,2.825717,146.881
1698,2.827383,146.791
1699,2.82905,146.791
1700,2.830717,146.955
1701,2.832383,146.888
1702,2.83405,147.097
1703,2.8357,147.097
1704,2.837367,147.067
1705,2.839033,147.015
1706,2.8407,147.015
1707,2.842367,146.948
1708,2.844033,146.672
1709,2.8457,146.843
1710,2.847367,146.843
1711,2.849033,147.097
1712,2.8507,147.037
1713,2.852367,147.112
1714,2.854033,147.112
1715,2.8557,146.62
1716,2.857367,146.344
1717,2.859033,146.456
1718,2.8607,146.456
1719,2.862367,146.247
1720,2.864033,146.426
1721,2.8657,146.277
1722,2.867367,146.277
1723,2.869033,146.337
1724,2.8707,146.62
1725,2.872367,146.62
1726,2.874033,146.993
1727,2.8757,147.372
1728,2.877367,147.35
1729,2.879033,147.35
1730,2.8807,147.395
1731,2.882433,147.127
1732,2.884033,146.694
1733,2.8857,146.694
1734,2.887367,146.359
1735,2.889033,146.031
1736,2.8907,146.009
1737,2.892367,146.009
1738,2.894033,146.188
1739,2.895717,146.434
1740,2.89735,146.434
1741,2.899083,146.568
1742,2.900683,146.665
1743,2.90235,146.396
1744,2.904017,146.396
1745,2.905683,146.478
1746,2.90735,146.195
1747,2.909017,146.084
1748,2.910683,146.084
1749,2.91235,146.538
1750,2.914017,146.337
1751,2.915767,146.769
1752,2.91735,146.769
1753,2.919017,146.985
1754,2.920683,146.367
1755,2.92235,146.292
1756,2.924017,146.292
1757,2.925683,146.076
1758,2.92735,145.808
1759,2.929017,145.808
1760,2.930683,146.128
1761,2.932467,146.262
1762,2.934017,146.121
1763,2.935683,146.121
1764,2.93735,145.83
1765,2.939017,145.786
1766,2.940683,145.786
1767,2.94235,145.786
1768,2.944017,146.076
1769,2.945683,146.374
1770,2.94735,146.203
1771,2.949017,146.203
1772,2.950683,146.262
1773,2.95235,145.994
1774,2.954017,145.994
1775,2.955683,145.89
1776,2.957333,145.86
1777,2.959017,145.458
1778,2.9607,145.458
1779,2.962333,145.607
1780,2.963983,145.733
1781,2.96565,145.786
1782,2.967317,145.786
1783,2.968983,145.882
1784,2.97065,145.666
1785,2.972317,145.51
1786,2.973983,145.51
1787,2.97565,145.294
1788,2.977317,145.212
1789,2.978983,145.078
1790,2.980667,145.078
1791,2.982317,144.891
1792,2.983983,145.122
1793,2.98565,145.122
1794,2.987317,145.45
1795,2.988983,145.622
1796,2.99065,146.009
1797,2.992317,146.009
1798,2.993983,145.987
1799,2.99565,145.838
1800,2.997317,145.674
1801,2.998983,145.674
1802,3.00065,145.286
1803,3.002317,145.242
1804,3.003983,145.189
1805,3.00565,145.189
1806,3.007317,145.525
1807,3.008983,145.48
1808,3.01065,145.48
1809,3.012317,145.465
1810,3.013983,145.324
1811,3.015633,145.286
1812,3.01735,145.286
1813,3.018967,145.376
1814,3.020633,145.249
1815,3.0223,145.338
1816,3.023983,145.338
1817,3.025683,145.197
1818,3.0273,145.189
1819,3.028967,145.145
1820,3.030633,145.145
1821,3.0323,144.951
1822,3.033967,145.137
1823,3.035633,145.137
1824,3.0373,145.331
1825,3.038967,145.495
1826,3.040633,145.927
1827,3.0423,145.927
1828,3.043967,145.733
1829,3.045633,145.592
1830,3.0473,145.584
1831,3.048967,145.584
1832,3.050733,145.398
1833,3.0523,145.219
1834,3.053967,145.1
1835,3.055633,145.1
1836,3.0573,145.003
1837,3.058967,144.75
1838,3.060633,144.653
1839,3.0623,144.653
1840,3.063967,144.936
1841,3.065633,145.011
1842,3.0673,145.011
1843,3.068983,145.175
1844,3.070633,145.435
1845,3.0723,145.152
1846,3.073967,145.152
1847,3.075617,144.951
1848,3.077283,144.668
1849,3.07895,144.348
1850,3.080617,144.348
1851,3.082283,144.251
1852,3.08395,144.28
1853,3.085617,144.467
1854,3.087283,144.467
1855,3.08895,144.549
1856,3.090617,144.787
1857,3.092283,144.787
1858,3.09395,144.742
1859,3.095617,144.772
1860,3.097283,144.765
1861,3.09895,144.765
1862,3.100617,144.362
1863,3.102283,144.497
1864,3.10395,144.526
1865,3.105617,144.526
1866,3.107283,144.646
1867,3.10895,144.839
1868,3.110617,144.511
1869,3.112283,144.511
1870,3.11395,144.511
1871,3.115617,144.668
1872,3.117283,144.638
1873,3.11895,144.638
1874,3.120617,145.152
1875,3.122283,145.003
1876,3.12395,145.003
1877,3.125617,144.809
1878,3.127283,144.847
1879,3.12895,144.541
1880,3.130617,144.541
1881,3.132283,144.534
1882,3.13395,144.541
1883,3.135617,144.824
1884,3.137267,144.824
1885,3.138933,144.929
1886,3.1406,145.212
1887,3.142267,145.085
1888,3.143933,145.085
1889,3.1456,145.175
1890,3.147267,145.122
1891,3.148933,145.122
1892,3.1506,144.69
1893,3.152333,144.809
1894,3.153933,144.467
1895,3.1556,144.467
1896,3.157267,144.377
1897,3.158933,144.497
1898,3.1606,144.459
1899,3.162267,144.459
1900,3.163933,144.392
1901,3.1656,144.325
1902,3.167267,144.526
1903,3.16905,144.526
1904,3.1706,144.549
1905,3.172267,144.541
1906,3.173933,144.571
1907,3.1756,144.571
1908,3.177267,144.333
1909,3.178933,144.206
1910,3.1806,144.206
1911,3.182267,144.176
1912,3.183933,143.982
1913,3.1856,143.729
1914,3.187267,143.729
1915,3.188933,143.692
1916,3.1906,143.796
1917,3.192267,144.28
1918,3.193933,144.28
1919,3.1956,144.579
1920,3.19725,144.698
1921,3.198917,144.742
1922,3.200583,144.742
1923,3.20225,144.579
1924,3.203917,144.564
1925,3.205583,144.564
1926,3.20725,144.511
1927,3.208917,144.437
1928,3.210583,144.385
1929,3.21225,144.385
1930,3.213917,144.452
1931,3.215583,144.288
1932,3.21725,144.362
1933,3.218917,144.362
1934,3.220583,144.377
1935,3.22225,144.295
1936,3.223917,144.608
1937,3.225583,144.608
1938,3.22725,144.415
1939,3.228917,144.035
1940,3.2306,144.094
1941,3.23225,144.094
1942,3.233917,144.146
1943,3.235583,144.295
1944,3.237267,144.295
1945,3.238917,144.511
1946,3.240583,144.497
1947,3.24225,144.348
1948,3.243917,144.348
1949,3.245583,144.489
1950,3.24725,144.906
1951,3.248917,144.914
1952,3.250583,144.914
1953,3.25225,144.616
1954,3.253883,144.415
1955,3.255567,143.99
1956,3.257217,143.99
1957,3.258883,144.012
1958,3.26055,144.266
1959,3.262217,144.266
1960,3.263883,144.243
1961,3.26555,144.377
1962,3.267217,144.199
1963,3.268883,144.199
1964,3.270567,143.938
1965,3.272217,143.759
1966,3.273883,143.55
1967,3.27555,143.55
1968,3.277217,143.617
1969,3.278883,143.982
1970,3.28055,144.057
1971,3.282217,144.057
1972,3.283883,144.377
1973,3.28555,144.258
1974,3.287317,144.057
1975,3.288883,144.057
1976,3.29055,144.079
1977,3.292217,143.692
1978,3.293883,143.692
1979,3.29555,143.781
1980,3.297217,143.573
1981,3.298883,143.312
1982,3.30055,143.312
1983,3.302217,143.312
1984,3.303883,143.193
1985,3.305567,143.275
1986,3.307233,143.275
1987,3.308883,143.602
1988,3.31055,143.759
1989,3.312217,143.684
1990,3.313883,143.684
1991,3.31555,143.528
1992,3.317217,143.379
1993,3.318867,143.379
1994,3.320533,143.282
1995,3.3222,143.506
1996,3.323867,143.513
1997,3.325533,143.513
1998,3.3272,143.722
1999,3.328867,143.878
2000,3.330533,144.131
2001,3.3322,144.131
2002,3.333867,144.407
2003,3.335533,144.094
2004,3.3372,143.804
2005,3.338867,143.804
2006,3.340533,143.334
2007,3.3422,143.163
2008,3.343867,143.163
2009,3.345533,143.215
2010,3.3472,143.528
2011,3.348867,143.573
2012,3.350533,143.573
2013,3.3522,143.401
2014,3.353867,143.446
2015,3.355533,143.23
2016,3.3572,143.23
2017,3.358867,143.558
2018,3.360533,143.915
2019,3.3622,143.901
2020,3.363867,143.901
2021,3.365533,144.131
2022,3.3672,143.833
2023,3.368867,143.886
2024,3.370533,143.886
2025,3.372217,144.079
2026,3.373883,143.774
2027,3.375583,143.774
2028,3.377183,143.819
2029,3.37885,143.453
2030,3.380517,142.962
2031,3.382183,142.962
2032,3.38385,142.857
2033,3.385517,142.746
2034,3.387183,142.79
2035,3.38885,142.79
2036,3.390517,142.924
2037,3.392183,142.954
2038,3.39385,142.895
2039,3.395517,142.895
2040,3.397183,142.843
2041,3.39885,142.843
2042,3.400517,142.843
2043,3.402183,143.133
2044,3.40385,143.364
2045,3.405617,143.528
2046,3.407183,143.528
2047,3.40885,143.483
2048,3.410517,143.223
2049,3.4122,143.342
2050,3.41385,143.342
2051,3.415517,143.304
2052,3.417183,143.483
2053,3.41885,143.848
2054,3.420517,143.848
2055,3.422183,143.953
2056,3.42385,144.02
2057,3.425517,143.856
2058,3.427183,143.856
2059,3.42885,143.498
2060,3.430517,143.163
2061,3.432183,143.163
2062,3.43385,143.2
2063,3.435517,143.416
2064,3.437167,143.535
2065,3.438833,143.535
2066,3.4405,143.439
2067,3.442167,143.55
2068,3.443833,143.558
2069,3.4455,143.558
2070,3.447217,143.379
2071,3.448833,143.223
2072,3.4505,143.193
2073,3.452167,143.193
2074,3.453833,143.014
2075,3.4555,143.006
2076,3.457167,143.006
2077,3.458833,143.096
2078,3.4605,142.813
2079,3.462167,142.902
2080,3.463833,142.902
2081,3.4655,143.036
2082,3.467167,143.006
2083,3.468833,143.103
2084,3.4705,143.103
2085,3.472167,142.857
2086,3.473833,143.088
2087,3.4755,143.23
2088,3.477167,143.23
2089,3.478833,143.424
2090,3.4805,143.871
2091,3.482167,143.871
2092,3.483833,143.841
2093,3.4855,143.826
2094,3.487167,143.714
2095,3.488833,143.714
2096,3.490567,143.506
2097,3.492167,143.237
2098,3.493833,143.237
2099,3.4955,143.237
2100,3.49715,143.133
2101,3.498817,142.999
2102,3.500483,143.021
2103,3.50215,143.021
2104,3.503817,142.977
2105,3.505483,142.887
2106,3.50715,142.947
2107,3.508817,142.947
2108,3.510483,143.096
2109,3.51215,143.476
2110,3.513817,143.476
2111,3.5155,143.729
2112,3.51715,143.833
2113,3.518817,143.602
2114,3.520483,143.602
2115,3.52215,143.327
2116,3.523917,143.327
2117,3.525483,143.2
2118,3.52715,143.2
2119,3.528817,143.439
2120,3.530483,143.334
2121,3.53215,143.126
2122,3.533817,143.126
2123,3.535483,143.223
2124,3.53715,142.932
2125,3.538817,142.932
2126,3.540483,142.589
2127,3.54215,142.388
2128,3.543817,142.202
2129,3.545483,142.202
2130,3.547133,142.328
2131,3.5488,142.604
2132,3.550467,142.954
2133,3.552133,142.954
2134,3.5538,143.014
2135,3.555467,143.103
2136,3.557117,143.178
2137,3.558783,143.178
2138,3.56045,143.044
2139,3.562117,143.17
2140,3.563783,143.088
2141,3.56545,143.088
2142,3.567117,142.977
2143,3.568783,142.902
2144,3.57045,142.902
2145,3.572117,142.865
2146,3.573783,142.783
2147,3.57545,142.954
2148,3.577117,142.954
2149,3.578783,142.589
2150,3.58045,142.44
2151,3.582117,142.112
2152,3.583783,142.112
2153,3.58545,142.157
2154,3.587133,142.619
2155,3.588783,142.701
2156,3.59045,142.701
2157,3.592117,143.17
2158,3.593783,143.185
2159,3.59545,143.185
2160,3.597117,143.23
2161,3.598783,143.26
2162,3.60045,143.357
2163,3.602117,143.357
2164,3.603783,143.178
2165,3.60545,143.118
2166,3.607117,143.357
2167,3.608817,143.357
2168,3.61045,143.453
2169,3.612117,143.453
2170,3.613783,143.468
2171,3.615433,143.468
2172,3.6171,143.193
2173,3.618767,142.589
2174,3.620433,142.589
2175,3.6221,142.53
2176,3.623767,142.366
2177,3.625567,142.328
2178,3.6271,142.328
2179,3.628767,142.716
2180,3.63045,142.79
2181,3.6321,142.835
2182,3.633767,142.835
2183,3.635433,142.887
2184,3.6371,142.738
2185,3.638767,142.649
2186,3.640433,142.649
2187,3.6422,142.656
2188,3.643767,142.828
2189,3.645433,142.746
2190,3.6471,142.746
2191,3.648767,142.44
2192,3.650433,142.485
2193,3.6521,142.485
2194,3.653767,142.403
2195,3.655433,142.47
2196,3.6571,142.902
2197,3.658767,142.902
2198,3.660433,143.155
2199,3.6621,143.17
2200,3.663767,143.349
2201,3.665433,143.349
2202,3.6671,143.297
2203,3.668767,143.006
2204,3.670433,142.798
2205,3.6721,142.798
2206,3.673767,142.723
2207,3.675433,142.701
2208,3.6771,142.701
2209,3.67875,142.47
2210,3.680417,142.612
2211,3.682083,142.708
2212,3.68375,142.708
2213,3.685417,142.53
2214,3.687083,142.664
2215,3.68875,142.485
2216,3.690417,142.485
2217,3.692083,142.455
2218,3.69375,142.522
2219,3.695417,142.187
2220,3.697083,142.187
2221,3.69875,142.053
2222,3.700417,141.986
2223,3.702083,141.986
2224,3.70375,141.986
2225,3.705417,142.604
2226,3.707083,142.768
2227,3.70875,142.768
2228,3.710417,142.425
2229,3.712083,142.567
2230,3.71375,142.314
2231,3.715417,142.314
2232,3.717083,142.515
2233,3.71875,142.843
2234,3.720417,142.969
2235,3.722083,142.969
2236,3.72375,143.014
2237,3.725417,142.612
2238,3.727083,142.559
2239,3.72875,142.559
2240,3.730417,142.261
2241,3.732083,142.172
2242,3.73375,142.172
2243,3.735417,142.44
2244,3.737067,142.53
2245,3.738733,142.738
2246,3.7404,142.738
2247,3.742067,142.969
2248,3.743817,142.969
2249,3.7454,142.843
2250,3.747067,142.843
2251,3.748733,142.805
2252,3.7504,142.761
2253,3.752067,142.634
2254,3.753733,142.634
2255,3.7554,142.768
2256,3.757067,142.738
2257,3.758733,142.381
2258,3.7605,142.381
2259,3.762067,142.202
2260,3.763733,141.859
2261,3.7654,141.859
2262,3.767067,141.896
2263,3.768733,141.889
2264,3.7704,142.053
2265,3.772067,142.053
2266,3.773733,142.016
2267,3.7754,142.127
2268,3.777183,142.187
2269,3.778733,142.187
2270,3.7804,142.179
2271,3.782067,142.373
2272,3.783733,142.232
2273,3.7854,142.232
2274,3.787067,142.328
2275,3.788733,142.15
2276,3.7904,142.15
2277,3.792067,142.165
2278,3.793733,142.112
2279,3.7954,142.105
2280,3.79705,142.105
2281,3.798717,142.351
2282,3.800417,142.373
2283,3.8021,142.395
2284,3.803717,142.395
2285,3.805383,142.366
2286,3.80705,142.388
2287,3.808717,142.224
2288,3.810383,142.224
2289,3.81205,142.179
2290,3.813717,142.366
2291,3.8154,142.328
2292,3.81705,142.328
2293,3.818717,142.224
2294,3.820383,142.269
2295,3.82205,142.269
2296,3.823717,142.09
2297,3.825383,141.837
2298,3.82705,141.814
2299,3.828717,141.814
2300,3.830383,141.546
2301,3.83205,141.464
2302,3.833717,141.65
2303,3.835383,141.65
2304,3.837033,141.971
2305,3.8387,142.306
2306,3.840367,142.477
2307,3.842033,142.477
2308,3.8437,142.44
2309,3.845417,142.418
2310,3.847033,142.418
2311,3.8487,142.455
2312,3.850367,142.291
2313,3.852033,142.381
2314,3.8537,142.381
2315,3.855367,142.388
2316,3.857017,142.172
2317,3.858683,142.425
2318,3.86035,142.425
2319,3.862067,142.537
2320,3.863683,142.239
2321,3.86535,142.269
2322,3.867033,142.269
2323,3.868683,142.239
2324,3.87035,142.157
2325,3.872017,142.157
2326,3.873683,142.492
2327,3.87535,142.552
2328,3.877017,142.232
2329,3.878767,142.232
2330,3.88035,142.001
2331,3.882017,141.934
2332,3.883683,141.792
2333,3.88535,141.792
2334,3.887017,141.829
2335,3.888683,142.105
2336,3.89035,141.881
2337,3.892017,141.881
2338,3.893683,141.896
2339,3.895433,142.045
2340,3.897017,142.224
2341,3.898683,142.224
2342,3.90035,142.448
2343,3.902017,142.358
2344,3.903683,142.358
2345,3.90535,142.157
2346,3.907017,141.792
2347,3.908683,141.68
2348,3.91035,141.68
2349,3.912017,141.703
2350,3.913683,142.001
2351,3.91535,142.075
2352,3.917,142.075
2353,3.918667,142.083
2354,3.920333,142.194
2355,3.922,141.948
2356,3.923667,141.948
2357,3.925333,141.881
2358,3.927,141.852
2359,3.928667,141.852
2360,3.930333,141.837
2361,3.932,141.956
2362,3.933667,141.852
2363,3.935333,141.852
2364,3.937,142.023
2365,3.938667,142.09
2366,3.940333,141.993
2367,3.942033,141.993
2368,3.943667,141.799
2369,3.945333,141.501
2370,3.947,141.241
2371,3.948667,141.241
2372,3.950333,141.412
2373,3.952,141.583
2374,3.953667,141.844
2375,3.955333,141.844
2376,3.957,141.948
2377,3.958667,141.956
2378,3.960333,141.956
2379,3.962,141.904
2380,3.963667,141.747
2381,3.965333,141.911
2382,3.967,141.911
2383,3.968667,141.688
2384,3.970333,141.934
2385,3.972,142.12
2386,3.973667,142.12
2387,3.975333,141.844
2388,3.976983,142.068
2389,3.97865,141.963
2390,3.980367,141.963
2391,3.981983,141.703
2392,3.98365,141.717
2393,3.985317,141.717
2394,3.986983,141.777
2395,3.98865,141.963
2396,3.990333,141.926
2397,3.991983,141.926
2398,3.99365,142.105
2399,3.995317,142.112
2400,3.997,142.246
2401,3.99865,142.246
2402,4.000317,142.664
2403,4.001983,142.723
2404,4.00365,142.701
2405,4.005317,142.701
2406,4.006983,142.567
2407,4.00865,142.321
2408,4.010317,142.612
2409,4.011983,142.612
2410,4.013767,142.694
2411,4.015317,142.567
2412,4.016983,142.567
2413,4.018667,142.492
2414,4.020317,142.172
2415,4.021983,142.001
2416,4.02365,142.001
2417,4.025317,141.792
2418,4.026983,141.77
2419,4.02865,141.695
2420,4.030317,141.695
2421,4.031983,141.628
2422,4.03365,142.075
2423,4.035317,142.239
2424,4.036967,142.239
2425,4.038633,142.194
2426,4.0403,142.328
2427,4.041967,142.328
2428,4.043633,142.232
2429,4.0453,142.06
2430,4.046967,142.105
2431,4.048633,142.105
2432,4.0503,141.799
2433,4.051967,141.516
2434,4.053633,141.755
2435,4.0553,141.755
2436,4.056967,141.613
2437,4.058633,141.755
2438,4.0603,141.695
2439,4.061967,141.695
2440,4.063633,141.323
2441,4.0653,141.665
2442,4.066967,141.665
2443,4.068633,141.74
2444,4.0703,141.881
2445,4.071967,142.157
2446,4.073633,142.157
2447,4.0753,142.232
2448,4.076967,142.127
2449,4.078633,141.934
2450,4.0803,141.934
2451,4.081967,142.016
2452,4.08365,141.859
2453,4.0853,141.762
2454,4.086967,141.762
2455,4.088633,141.934
2456,4.0903,141.971
2457,4.091967,141.732
2458,4.093633,141.732
2459,4.095317,141.621
2460,4.09695,141.747
2461,4.098617,141.747
2462,4.100283,141.375
2463,4.10195,141.144
2464,4.103617,141.256
2465,4.105283,141.256
2466,4.10695,141.121
2467,4.108617,141.308
2468,4.110283,141.77
2469,4.11195,141.77
2470,4.113617,141.725
2471,4.115283,141.628
2472,4.11695,141.472
2473,4.118617,141.472
2474,4.120283,141.539
2475,4.12195,141.77
2476,4.123617,141.77
2477,4.125283,141.844
2478,4.12695,142.008
2479,4.1286,141.65
2480,4.130267,141.65
2481,4.13205,141.539
2482,4.1336,141.606
2483,4.135267,141.457
2484,4.136933,141.457
2485,4.1386,141.516
2486,4.140267,141.509
2487,4.141933,141.442
2488,4.1436,141.442
2489,4.145267,141.613
2490,4.146933,141.591
2491,4.1486,141.628
2492,4.150267,141.628
2493,4.151933,141.524
2494,4.1536,141.226
2495,4.155267,141.226
2496,4.156917,141.114
2497,4.158583,141.069
2498,4.16025,141.233
2499,4.161933,141.233
2500,4.163583,141.583
2501,4.165267,141.986
2502,4.166917,142.008
2503,4.168583,142.008
2504,4.17025,141.911
2505,4.171917,141.665
2506,4.173583,141.434
2507,4.17525,141.434
2508,4.176917,141.695
2509,4.178583,142.016
2510,4.18025,142.016
2511,4.181917,141.978
2512,4.1836,141.844
2513,4.18525,141.501
2514,4.186917,141.501
2515,4.188583,141.121
2516,4.19025,141.516
2517,4.191917,141.546
2518,4.193583,141.546
2519,4.19525,141.792
2520,4.196917,141.837
2521,4.198583,141.449
2522,4.20025,141.449
2523,4.201917,141.665
2524,4.203583,141.554
2525,4.20525,141.829
2526,4.206917,141.829
2527,4.208583,142.016
2528,4.21025,141.934
2529,4.211917,141.934
2530,4.213583,141.859
2531,4.21525,141.434
2532,4.216983,141.568
2533,4.218567,141.568
2534,4.220233,141.755
2535,4.2219,141.613
2536,4.223567,141.934
2537,4.225233,141.934
2538,4.2269,141.717
2539,4.228583,141.338
2540,4.230233,141.285
2541,4.2319,141.285
2542,4.233567,141.308
2543,4.235233,141.487
2544,4.2369,141.487
2545,4.238567,141.539
2546,4.240233,141.606
2547,4.2419,141.211
2548,4.243567,141.211
2549,4.245233,141.017
2550,4.2469,141.077
2551,4.248567,141.114
2552,4.250317,141.114
2553,4.2519,141.412
2554,4.253567,141.554
2555,4.255233,141.598
2556,4.2569,141.598
2557,4.258567,141.755
2558,4.260233,141.628
2559,4.2619,141.628
2560,4.263567,141.397
2561,4.265233,141.278
2562,4.2669,141.077
2563,4.268567,141.077
2564,4.270233,141.405
2565,4.2719,141.554
2566,4.273567,141.867
2567,4.275233,141.867
2568,4.276883,141.926
2569,4.27855,141.636
2570,4.280217,141.561
2571,4.281883,141.561
2572,4.28355,141.375
2573,4.285217,141.39
2574,4.286883,141.561
2575,4.28855,141.561
2576,4.290217,141.896
2577,4.291883,142.008
2578,4.29355,142.008
2579,4.29525,141.971
2580,4.296883,141.539
2581,4.298567,141.181
2582,4.300217,141.181
2583,4.301883,140.98
2584,4.30355,141.084
2585,4.305217,141.509
2586,4.306883,141.509
2587,4.30855,141.658
2588,4.310217,141.874
2589,4.311883,141.792
2590,4.31355,141.792
2591,4.315217,141.636
2592,4.316883,141.509
2593,4.31855,141.509
2594,4.320217,141.174
2595,4.321883,141.293
2596,4.32355,141.345
2597,4.325217,141.345
2598,4.326883,141.27
2599,4.32855,141.419
2600,4.330217,141.263
2601,4.331883,141.263
2602,4.33355,141.397
2603,4.335267,141.241
2604,4.336867,141.256
2605,4.338533,141.256
2606,4.3402,141.442
2607,4.341867,141.226
2608,4.343533,141.352
2609,4.3452,141.352
2610,4.346867,141.36
2611,4.348533,141.144
2612,4.3502,141.144
2613,4.351867,140.995
2614,4.353533,141.092
2615,4.3552,141.129
2616,4.356867,141.129
2617,4.358533,141.464
2618,4.3602,141.963
2619,4.361867,141.852
2620,4.363533,141.852
2621,4.3652,141.963
2622,4.366867,141.926
2623,4.368533,141.732
2624,4.3702,141.732
2625,4.371867,142.075
2626,4.373533,141.814
2627,4.3752,141.814
2628,4.376867,141.218
2629,4.378533,141.039
2630,4.3802,140.518
2631,4.381867,140.518
2632,4.383533,140.66
2633,4.3852,140.898
2634,4.386867,141.159
2635,4.388533,141.159
2636,4.3902,141.367
2637,4.391867,141.412
2638,4.393533,141.867
2639,4.395183,141.867
2640,4.39685,141.65
2641,4.398517,142.083
2642,4.400183,141.911
2643,4.40185,141.911
2644,4.403517,141.71
2645,4.405183,141.755
2646,4.40685,141.755
2647,4.408517,141.479
2648,4.410183,141.673
2649,4.41185,141.434
2650,4.413517,141.434
2651,4.415183,141.338
2652,4.41685,141.256
2653,4.418517,140.965
2654,4.420167,140.965
2655,4.421833,141.136
2656,4.4235,141.33
2657,4.425167,141.434
2658,4.426833,141.434
2659,4.4285,141.725
2660,4.430167,141.539
2661,4.431833,141.539
2662,4.433533,141.114
2663,4.435183,141.069
2664,4.436833,140.876
2665,4.4385,140.876
2666,4.440167,141.308
2667,4.441833,141.621
2668,4.4435,141.405
2669,4.445167,141.405
2670,4.446833,141.501
2671,4.4485,141.166
2672,4.450167,141.218
2673,4.451833,141.218
2674,4.453567,141.479
2675,4.455167,141.546
2676,4.456817,141.546
2677,4.458483,141.814
2678,4.46015,141.665
2679,4.461817,141.688
2680,4.463483,141.688
2681,4.46515,141.568
2682,4.466817,141.338
2683,4.468483,141.315
2684,4.470267,141.315
2685,4.471817,140.995
2686,4.473483,141.233
2687,4.47515,141.598
2688,4.476817,141.598
2689,4.478483,141.785
2690,4.48015,142.016
2691,4.481817,141.583
2692,4.483483,141.583
2693,4.48515,141.338
2694,4.486933,141.345
2695,4.488483,141.345
2696,4.49015,141.554
2697,4.491817,141.747
2698,4.493483,141.65
2699,4.49515,141.65
2700,4.496817,141.427
2701,4.498483,141.285
2702,4.50015,141.256
2703,4.501817,141.256
2704,4.503483,141.419
2705,4.50515,141.777
2706,4.506817,141.561
2707,4.508483,141.561
2708,4.51015,141.33
2709,4.511817,141.285
2710,4.5135,141.285
2711,4.51515,140.972
2712,4.5168,140.905
2713,4.518467,141.203
2714,4.520133,141.203
2715,4.5218,141.144
2716,4.523467,141.419
2717,4.525133,141.717
2718,4.5268,141.717
2719,4.528467,142.097
2720,4.530133,142.336
2721,4.5318,142.06
2722,4.533467,142.06
2723,4.535133,142.016
2724,4.5368,141.822
2725,4.538467,141.501
2726,4.540133,141.501
2727,4.5418,141.479
2728,4.543467,141.293
2729,4.545133,141.293
2730,4.5468,141.032
2731,4.548467,140.704
2732,4.550133,140.592
2733,4.5518,140.592
2734,4.553467,140.682
2735,4.555133,140.674
2736,4.5568,141.084
2737,4.558467,141.084
2738,4.560133,141.203
2739,4.5618,141.218
2740,4.563467,141.434
2741,4.565133,141.434
2742,4.5668,141.36
2743,4.568467,141.367
2744,4.570133,141.367
2745,4.571817,141.278
2746,4.573467,141.166
2747,4.575133,141.062
2748,4.576783,141.062
2749,4.57845,141.069
2750,4.580117,141.077
2751,4.581817,141.047
2752,4.583517,141.047
2753,4.585117,141.054
2754,4.586783,141.397
2755,4.588533,141.539
2756,4.590117,141.539
2757,4.591783,141.822
2758,4.59345,141.889
2759,4.595117,141.598
2760,4.596783,141.598
2761,4.59845,141.494
2762,4.600117,141.427
2763,4.601783,141.427
2764,4.60345,141.419
2765,4.605217,141.405
2766,4.606783,141.278
2767,4.60845,141.278
2768,4.610117,140.89
2769,4.611783,140.905
2770,4.61345,141.017
2771,4.615117,141.017
2772,4.616783,140.913
2773,4.61845,141.025
2774,4.620117,140.935
2775,4.6219,140.935
2776,4.62345,140.905
2777,4.625117,140.89
2778,4.626783,140.89
2779,4.62845,140.838
2780,4.630117,140.898
2781,4.631783,140.987
2782,4.63345,140.987
2783,4.635117,141.256
2784,4.636767,141.494
2785,4.638433,141.65
2786,4.6401,141.65
2787,4.641767,141.501
2788,4.643433,141.405
2789,4.6451,141.241
2790,4.646767,141.241
2791,4.648433,140.95
2792,4.6501,140.794
2793,4.6518,140.98
2794,4.653433,140.98
2795,4.6551,140.838
2796,4.656767,141.129
2797,4.658433,141.129
2798,4.6601,141.017
2799,4.661767,140.995
2800,4.663433,141.062
2801,4.6651,141.062
2802,4.666767,140.89
2803,4.66845,141.144
2804,4.6701,140.898
2805,4.671767,140.898
2806,4.673433,141.218
2807,4.6751,141.3
2808,4.676767,141.27
2809,4.678433,141.27
2810,4.6801,141.121
2811,4.681767,140.809
2812,4.683433,140.809
2813,4.6851,140.727
2814,4.686767,140.816
2815,4.688433,141.054
2816,4.6901,141.054
2817,4.691767,141.002
2818,4.693433,140.965
2819,4.6951,140.883
2820,4.69675,140.883
2821,4.698417,141.211
2822,4.700083,141.352
2823,4.70175,141.047
2824,4.703417,141.047
2825,4.705083,141.092
2826,4.706833,140.95
2827,4.708417,140.95
2828,4.710083,140.823
2829,4.711733,140.861
2830,4.7134,140.473
2831,4.715067,140.473
2832,4.716733,140.205
2833,4.7184,140.22
2834,4.720067,140.503
2835,4.721733,140.503
2836,4.723517,140.809
2837,4.725067,140.92
2838,4.726733,141.017
2839,4.7284,141.017
2840,4.730067,141.136
2841,4.731733,141.107
2842,4.7334,141.062
2843,4.735067,141.062
2844,4.736733,141.084
2845,4.7384,141.017
2846,4.740167,141.017
2847,4.741733,141.077
2848,4.7434,141.181
2849,4.745067,140.935
2850,4.746733,140.935
2851,4.7484,140.786
2852,4.750067,140.749
2853,4.751733,140.525
2854,4.7534,140.525
2855,4.75505,140.555
2856,4.756767,140.771
2857,4.758383,140.883
2858,4.76005,140.883
2859,4.761717,141.233
2860,4.763383,141.33
2861,4.76505,141.33
2862,4.766717,141.144
2863,4.768383,141.241
2864,4.77005,141.062
2865,4.771717,141.062
2866,4.773383,141.181
2867,4.77505,141.412
2868,4.776717,140.958
2869,4.778383,140.958
2870,4.78005,141.121
2871,4.781717,141.084
2872,4.783383,140.928
2873,4.78505,140.928
2874,4.786717,141.114
2875,4.788383,140.831
2876,4.79005,140.972
2877,4.791717,140.972
2878,4.793383,140.958
2879,4.79505,140.928
2880,4.796733,140.928
2881,4.798383,141.047
2882,4.80005,141.159
2883,4.801717,141.107
2884,4.803383,141.107
2885,4.80505,141.39
2886,4.806717,141.464
2887,4.808383,141.099
2888,4.81005,141.099
2889,4.811717,140.876
2890,4.813383,140.578
2891,4.81505,140.473
2892,4.8167,140.473
2893,4.818367,140.741
2894,4.820033,141.039
2895,4.8217,141.039
2896,4.823367,141.226
2897,4.825033,141.233
2898,4.8267,141.114
2899,4.828367,141.114
2900,4.830033,141.405
2901,4.8317,141.449
2902,4.833367,141.397
2903,4.835033,141.397
2904,4.8367,141.241
2905,4.838367,141.069
2906,4.840033,140.928
2907,4.841733,140.928
2908,4.843367,140.995
2909,4.845033,141.025
2910,4.8467,141.025
2911,4.848367,141.062
2912,4.850033,141.054
2913,4.8517,140.801
2914,4.853367,140.801
2915,4.855033,141.01
2916,4.8567,141.077
2917,4.858483,141.338
2918,4.860033,141.338
2919,4.8617,141.919
2920,4.863367,141.688
2921,4.865033,141.427
2922,4.866733,141.427
2923,4.868367,141.181
2924,4.870033,141.144
2925,4.8717,141.427
2926,4.873367,141.427
2927,4.875017,141.345
2928,4.876683,141.069
2929,4.87835,141.069
2930,4.880017,140.853
2931,4.881683,140.518
2932,4.88335,140.436
2933,4.885017,140.436
2934,4.886683,140.853
2935,4.88835,140.727
2936,4.890017,140.987
2937,4.891683,140.987
2938,4.89335,141.166
2939,4.895017,141.017
2940,4.896683,141.025
2941,4.89835,141.025
2942,4.900017,140.98
2943,4.901683,141.069
2944,4.90335,141.069
2945,4.905017,141.196
2946,4.906683,141.285
2947,4.90835,141.144
2948,4.910017,141.144
2949,4.911683,140.861
2950,4.91335,140.883
2951,4.915017,141.077
2952,4.916683,141.077
2953,4.91835,141.203
2954,4.920033,141.434
2955,4.921683,141.487
2956,4.92335,141.487
2957,4.925017,141.159
2958,4.926683,141.084
2959,4.92835,140.943
2960,4.930033,140.943
2961,4.931683,140.719
2962,4.93335,140.764
2963,4.935,140.764
2964,4.936667,140.622
2965,4.938333,140.831
2966,4.94,140.779
2967,4.941667,140.779
2968,4.943333,140.831
2969,4.945,140.995
2970,4.946667,140.682
2971,4.948333,140.682
2972,4.95,140.987
2973,4.951667,141.069
2974,4.953333,141.069
2975,4.955,141.069
2976,4.956667,141.196
2977,4.958333,140.972
2978,4.96,140.972
2979,4.961667,140.823
2980,4.963333,140.704
2981,4.965,140.838
2982,4.966667,140.838
2983,4.968333,140.846
2984,4.97,141.025
2985,4.971667,141.159
2986,4.973333,141.159
2987,4.975,141.032
2988,4.976783,141.181
2989,4.978333,141.114
2990,4.98,141.114
2991,4.981667,141.069
2992,4.983333,141.427
2993,4.985,141.189
2994,4.986667,141.189
2995,4.988333,141.233
2996,4.99,141.151
2997,4.991667,141.151
2998,4.993333,140.704
2999,4.995,140.697
3000,4.99665,140.6
3001,4.998317,140.6
3002,4.999983,140.578
3003,5.001633,140.704
3004,5.0033,140.876
3005,5.004967,140.876
3006,5.006633,140.756
3007,5.008367,140.853
3008,5.009967,140.496
3009,5.011633,140.496
3010,5.0133,140.257
3011,5.014967,140.414
3012,5.016633,140.414
3013,5.0183,140.339
3014,5.019967,140.689
3015,5.021633,140.823
3016,5.0233,140.823
3017,5.024967,140.794
3018,5.026633,140.868
3019,5.0283,140.928
3020,5.029967,140.928
3021,5.031633,141.151
3022,5.0333,141.092
3023,5.034967,141.099
3024,5.036633,141.099
3025,5.0383,141.062
3026,5.039967,140.712
3027,5.041633,140.712
3028,5.0433,140.764
3029,5.044967,140.771
3030,5.046633,140.54
3031,5.0483,140.54
3032,5.049967,140.488
3033,5.051633,140.436
3034,5.0533,140.183
3035,5.054967,140.183
3036,5.056617,140.414
3037,5.058283,140.615
3038,5.05995,140.727
3039,5.061617,140.727
3040,5.063283,140.861
3041,5.06495,140.809
3042,5.066617,140.749
3043,5.068283,140.749
3044,5.06995,140.615
3045,5.071617,140.399
3046,5.073283,140.399
3047,5.074967,140.563
3048,5.076633,140.674
3049,5.078283,140.92
3050,5.07995,140.92
3051,5.081617,141.285
3052,5.083283,141.114
3053,5.08495,141.092
3054,5.086617,141.092
3055,5.088283,140.794
3056,5.08995,140.756
3057,5.091617,140.674
3058,5.093283,140.674
3059,5.09505,140.615
3060,5.096617,140.503
3061,5.098283,140.503
3062,5.09995,140.406
3063,5.101617,140.533
3064,5.103283,140.503
3065,5.10495,140.503
3066,5.106617,140.585
3067,5.108283,140.443
3068,5.10995,140.622
3069,5.111617,140.622
3070,5.113283,140.414
3071,5.11495,140.615
3072,5.1166,140.592
3073,5.118267,140.592
3074,5.119933,140.212
3075,5.1216,140.473
3076,5.123267,140.399
3077,5.124933,140.399
3078,5.1266,140.481
3079,5.128267,140.697
3080,5.129933,140.697
3081,5.1316,140.615
3082,5.133267,140.756
3083,5.134933,141.196
3084,5.1366,141.196
3085,5.138267,141.412
3086,5.139933,141.509
3087,5.1416,141.449
3088,5.143267,141.449
3089,5.144967,141.144
3090,5.146667,140.801
3091,5.148267,140.674
3092,5.149933,140.674
3093,5.1516,140.451
3094,5.153267,140.406
3095,5.154933,140.406
3096,5.1566,140.518
3097,5.158267,140.406
3098,5.159933,140.555
3099,5.1616,140.555
3100,5.163267,140.645
3101,5.164933,140.54
3102,5.1666,140.704
3103,5.168267,140.704
3104,5.169933,140.704
3105,5.1716,140.54
3106,5.173267,140.905
3107,5.174917,140.905
3108,5.176583,140.809
3109,5.17825,140.853
3110,5.18,141.039
3111,5.181583,141.039
3112,5.18325,140.816
3113,5.184917,141.032
3114,5.186583,141.032
3115,5.18825,141.069
3116,5.189917,140.853
3117,5.191583,140.727
3118,5.19325,140.727
3119,5.194917,140.674
3120,5.196583,140.749
3121,5.19825,140.987
3122,5.199933,140.987
3123,5.201583,141.084
3124,5.20325,141.069
3125,5.204917,140.741
3126,5.206583,140.741
3127,5.20825,140.913
3128,5.209917,140.868
3129,5.211583,140.868
3130,5.213317,140.548
3131,5.214917,140.592
3132,5.216583,140.242
3133,5.21825,140.242
3134,5.219917,140.384
3135,5.221583,140.928
3136,5.223267,140.876
3137,5.224933,140.876
3138,5.226583,141.01
3139,5.22825,140.838
3140,5.229917,140.302
3141,5.231583,140.302
3142,5.23325,140.6
3143,5.234917,140.406
3144,5.236567,140.406
3145,5.238233,140.302
3146,5.2399,140.51
3147,5.241567,140.198
3148,5.243233,140.198
3149,5.2449,140.414
3150,5.246567,140.645
3151,5.248233,140.779
3152,5.2499,140.779
3153,5.251567,140.883
3154,5.253233,140.95
3155,5.2549,140.972
3156,5.256567,140.972
3157,5.258233,140.876
3158,5.2599,140.846
3159,5.261567,140.719
3160,5.263233,140.719
3161,5.2649,140.719
3162,5.266567,140.771
3163,5.268233,140.771
3164,5.2699,140.861
3165,5.271567,141.166
3166,5.273233,141.077
3167,5.2749,141.077
3168,5.276567,141.203
3169,5.278233,140.913
3170,5.2799,140.697
3171,5.281567,140.697
3172,5.283233,140.622
3173,5.2849,140.421
3174,5.286567,140.466
3175,5.288233,140.466
3176,5.2899,140.108
3177,5.291567,140.131
3178,5.293217,140.131
3179,5.294867,140.183
3180,5.296533,140.481
3181,5.298283,140.548
3182,5.299867,140.548
3183,5.301533,140.376
3184,5.3032,140.414
3185,5.304867,140.399
3186,5.306533,140.399
3187,5.3082,140.518
3188,5.309867,140.622
3189,5.311533,140.712
3190,5.3132,140.712
3191,5.314867,140.741
3192,5.316533,140.816
3193,5.3182,141.047
3194,5.319867,141.047
3195,5.321533,141.047
3196,5.3232,141.077
3197,5.324867,141.077
3198,5.326533,141.174
3199,5.3282,140.972
3200,5.329867,140.95
3201,5.331633,140.95
3202,5.3332,140.555
3203,5.334867,140.63
3204,5.336533,140.898
3205,5.3382,140.898
3206,5.339867,140.861
3207,5.341533,140.898
3208,5.3432,140.667
3209,5.344867,140.667
3210,5.346533,140.443
3211,5.3482,140.28
3212,5.349867,140.28
3213,5.351533,140.414
3214,5.3532,140.622
3215,5.354867,140.533
3216,5.356517,140.533
3217,5.358183,140.682
3218,5.35985,140.63
3219,5.361517,140.563
3220,5.3632,140.563
3221,5.364917,140.682
3222,5.366517,140.794
3223,5.368183,141.144
3224,5.36985,141.144
3225,5.371517,141.121
3226,5.373183,141.203
3227,5.374867,141.077
3228,5.376517,141.077
3229,5.378183,140.652
3230,5.37985,140.414
3231,5.381517,140.414
3232,5.383183,140.302
3233,5.38485,140.391
3234,5.386517,140.466
3235,5.388183,140.466
3236,5.38985,140.354
3237,5.391517,140.324
3238,5.393183,140.16
3239,5.39485,140.16
3240,5.396517,140.16
3241,5.398183,140.466
3242,5.39985,140.414
3243,5.401517,140.414
3244,5.403183,140.347
3245,5.40485,140.451
3246,5.406517,140.451
3247,5.408183,140.227
3248,5.40985,140.071
3249,5.411517,140.212
3250,5.413183,140.212
3251,5.414833,140.138
3252,5.4165,140.376
3253,5.418167,140.935
3254,5.419833,140.935
3255,5.4215,141.189
3256,5.423167,141.338
3257,5.424833,141.248
3258,5.4265,141.248
3259,5.428167,141.01
3260,5.42985,140.682
3261,5.431533,140.727
3262,5.433167,140.727
3263,5.434833,140.674
3264,5.4365,140.794
3265,5.438167,140.794
3266,5.439833,140.674
3267,5.4415,140.361
3268,5.443167,140.466
3269,5.444833,140.466
3270,5.4465,140.309
3271,5.448167,140.51
3272,5.449933,141.039
3273,5.4515,141.039
3274,5.453167,140.905
3275,5.454833,140.861
3276,5.4565,140.779
3277,5.458167,140.779
3278,5.459833,140.309
3279,5.4615,140.361
3280,5.463167,140.361
3281,5.464833,140.421
3282,5.466633,140.503
3283,5.468167,140.771
3284,5.469833,140.771
3285,5.4715,141.107
3286,5.473167,140.958
3287,5.474817,140.674
3288,5.476483,140.674
3289,5.47815,140.481
3290,5.479817,139.982
3291,5.481483,140.175
3292,5.48315,140.175
3293,5.484817,140.168
3294,5.486483,139.996
3295,5.48815,139.996
3296,5.489817,140.384
3297,5.491483,140.503
3298,5.49315,140.809
3299,5.494817,140.809
3300,5.496483,141.077
3301,5.49815,140.92
3302,5.499817,140.935
3303,5.501517,140.935
3304,5.50315,140.779
3305,5.504817,140.801
3306,5.506483,141.025
3307,5.50815,141.025
3308,5.509817,141.062
3309,5.511483,141.241
3310,5.51315,141.017
3311,5.514817,141.017
3312,5.516483,140.712
3313,5.51815,140.443
3314,5.519817,140.443
3315,5.521483,140.384
3316,5.52315,140.51
3317,5.524817,140.719
3318,5.526483,140.719
3319,5.52815,140.689
3320,5.529817,140.846
3321,5.531483,140.674
3322,5.53315,140.674
3323,5.534867,140.682
3324,5.536467,140.533
3325,5.538133,140.093
3326,5.5398,140.093
3327,5.541467,140.54
3328,5.543133,140.548
3329,5.5448,140.548
3330,5.546467,140.674
3331,5.548133,140.704
3332,5.5498,140.496
3333,5.551533,140.496
3334,5.553133,140.525
3335,5.5548,140.667
3336,5.556467,140.645
3337,5.558133,140.645
3338,5.5598,140.533
3339,5.561467,140.294
3340,5.563133,140.265
3341,5.5648,140.265
3342,5.566467,140.436
3343,5.5682,140.57
3344,5.5698,140.622
3345,5.571467,140.622
3346,5.573133,140.727
3347,5.5748,140.831
3348,5.576517,140.831
3349,5.578133,140.794
3350,5.5798,140.66
3351,5.581467,140.592
3352,5.583133,140.592
3353,5.584883,140.563
3354,5.58645,140.466
3355,5.588117,140.436
3356,5.589783,140.436
3357,5.59145,140.369
3358,5.593117,140.198
3359,5.594783,140.414
3360,5.596433,140.414
3361,5.5981,140.548
3362,5.599767,140.421
3363,5.601433,140.421
3364,5.6031,140.578
3365,5.604767,140.466
3366,5.606433,140.756
3367,5.6081,140.756
3368,5.609767,141.136
3369,5.611433,141.464
3370,5.6131,141.524
3371,5.614767,141.524
3372,5.616433,141.129
3373,5.6181,140.92
3374,5.619767,140.63
3375,5.621433,140.63
3376,5.6231,140.63
3377,5.624767,140.92
3378,5.626433,140.92
3379,5.6281,140.831
3380,5.629767,140.92
3381,5.631433,140.913
3382,5.6331,140.913
3383,5.634767,140.898
3384,5.636433,140.734
3385,5.6381,140.525
3386,5.639767,140.525
3387,5.641483,140.555
3388,5.6431,140.466
3389,5.644767,140.637
3390,5.646433,140.637
3391,5.6481,140.861
3392,5.649767,140.749
3393,5.651433,140.674
3394,5.6531,140.674
3395,5.654767,140.876
3396,5.656417,140.89
3397,5.658083,140.89
3398,5.65975,141.084
3399,5.661417,141.092
3400,5.663083,141.025
3401,5.66475,141.025
3402,5.666417,140.637
3403,5.668083,140.503
3404,5.669817,140.63
3405,5.671417,140.63
3406,5.673083,140.764
3407,5.67475,140.756
3408,5.676417,140.704
3409,5.678083,140.704
3410,5.67975,140.652
3411,5.681417,140.168
3412,5.683083,140.168
3413,5.68475,140.302
3414,5.686467,140.369
3415,5.688083,140.302
3416,5.68975,140.302
3417,5.691417,140.496
3418,5.693083,140.466
3419,5.69475,140.376
3420,5.696417,140.376
3421,5.698083,140.436
3422,5.69975,140.212
3423,5.701417,140.22
3424,5.703167,140.22
3425,5.70475,140.302
3426,5.706417,140.078
3427,5.708083,140.25
3428,5.70975,140.25
3429,5.711417,140.28
3430,5.713083,140.123
3431,5.714733,140.123
3432,5.7164,140.473
3433,5.7181,140.451
3434,5.719733,140.697
3435,5.721433,140.697
3436,5.723067,140.853
3437,5.724733,140.943
3438,5.7264,141.256
3439,5.728067,141.256
3440,5.729733,141.211
3441,5.7314,141.256
3442,5.733067,140.876
3443,5.734733,140.876
3444,5.7364,140.525
3445,5.738067,140.563
3446,5.739733,140.563
3447,5.7414,140.525
3448,5.743067,140.689
3449,5.744733,140.861
3450,5.7464,140.861
3451,5.748067,140.943
3452,5.749733,140.958
3453,5.7514,141.039
3454,5.753067,141.039
3455,5.754733,141.181
3456,5.7564,140.928
3457,5.758067,140.756
3458,5.759733,140.756
3459,5.7614,140.712
3460,5.763067,140.287
3461,5.764733,140.317
3462,5.7664,140.317
3463,5.768067,140.347
3464,5.769733,140.324
3465,5.7714,140.324
3466,5.773067,140.794
3467,5.774733,140.928
3468,5.776383,141.099
3469,5.778067,141.099
3470,5.779717,141.27
3471,5.781383,140.749
3472,5.78305,140.622
3473,5.784717,140.622
3474,5.786383,140.667
3475,5.78815,140.227
3476,5.789717,140.466
3477,5.791383,140.466
3478,5.79305,140.265
3479,5.794717,140.026
3480,5.796383,140.026
3481,5.79805,140.063
3482,5.799717,139.944
3483,5.801383,139.832
3484,5.80305,139.832
3485,5.804717,139.728
3486,5.806383,139.654
3487,5.80805,139.952
3488,5.809717,139.952
3489,5.811383,140.22
3490,5.81305,140.488
3491,5.814717,140.756
3492,5.816383,140.756
3493,5.81805,140.518
3494,5.819717,140.257
3495,5.821467,140.034
3496,5.82305,140.034
3497,5.824717,139.959
3498,5.826383,140.034
3499,5.82805,140.034
3500,5.829717,140.347
3501,5.831383,140.533
3502,5.83305,140.324
3503,5.834717,140.324
3504,5.836367,140.391
3505,5.838033,140.414
3506,5.8397,140.101
3507,5.841367,140.101
3508,5.843033,139.996
3509,5.8447,139.914
3510,5.846367,139.758
3511,5.848033,139.758
3512,5.8497,140.093
3513,5.851367,140.384
3514,5.853033,140.384
3515,5.8547,140.488
3516,5.856367,140.801
3517,5.858033,140.794
3518,5.859733,140.794
3519,5.861367,140.838
3520,5.863033,140.63
3521,5.8647,140.414
3522,5.866367,140.414
3523,5.868033,140.324
3524,5.8697,140.235
3525,5.871367,140.466
3526,5.873033,140.466
3527,5.8747,140.674
3528,5.87635,140.436
3529,5.878017,140.436
3530,5.879683,140.22
3531,5.88135,140.049
3532,5.883017,139.698
3533,5.884683,139.698
3534,5.88635,139.967
3535,5.888017,140.227
3536,5.889683,140.078
3537,5.89135,140.078
3538,5.893017,140.138
3539,5.894683,140.049
3540,5.896333,139.996
3541,5.898,139.996
3542,5.899667,139.974
3543,5.901333,139.87
3544,5.903,139.967
3545,5.904667,139.967
3546,5.906333,140.071
3547,5.908,140.093
3548,5.909667,140.093
3549,5.911333,139.944
3550,5.913,140.302
3551,5.914667,140.414
3552,5.916333,140.414
3553,5.918,140.585
3554,5.919667,141.025
3555,5.921333,140.689
3556,5.923017,140.689
3557,5.924667,140.339
3558,5.926333,140.056
3559,5.928,139.758
3560,5.929667,139.758
3561,5.93135,139.81
3562,5.933,139.952
3563,5.934667,139.952
3564,5.936333,140.309
3565,5.938,140.488
3566,5.939767,140.563
3567,5.941333,140.563
3568,5.943,140.697
3569,5.944667,140.674
3570,5.946333,140.779
3571,5.948,140.779
3572,5.949667,140.66
3573,5.951333,140.607
3574,5.953,140.399
3575,5.954667,140.399
3576,5.956317,140.265
3577,5.957983,140.041
3578,5.95965,140.063
3579,5.961333,140.063
3580,5.962983,140.309
3581,5.96465,140.257
3582,5.966317,140.257
3583,5.967983,140.198
3584,5.96965,140.205
3585,5.971317,139.944
3586,5.972983,139.944
3587,5.97465,139.967
3588,5.976317,140.205
3589,5.977983,140.019
3590,5.97965,140.019
3591,5.981317,140.227
3592,5.982983,140.324
3593,5.98465,140.51
3594,5.986317,140.51
3595,5.987983,140.615
3596,5.98965,140.585
3597,5.991317,140.585
3598,5.992983,140.607
3599,5.99465,140.294
3600,5.996317,140.309
3601,5.997983,140.309
3602,5.99965,140.369
3603,6.001333,140.51
3604,6.002983,140.712
3605,6.00465,140.712
3606,6.006317,140.637
3607,6.007983,140.458
3608,6.00965,140.242
3609,6.011317,140.242
3610,6.012983,139.952
3611,6.01465,140.041
3612,6.0163,140.041
3613,6.017967,140.101
3614,6.019633,139.952
3615,6.0213,140.25
3616,6.022967,140.25
3617,6.024717,140.22
3618,6.0263,140.391
3619,6.027967,140.704
3620,6.029633,140.704
3621,6.0313,140.682
3622,6.032967,140.585
3623,6.034633,140.414
3624,6.0363,140.414
3625,6.037967,140.235
3626,6.039633,140.19
3627,6.0413,140.138
3628,6.042967,140.138
3629,6.044633,140.272
3630,6.0463,140.466
3631,6.047967,140.466
3632,6.049633,140.451
3633,6.0513,140.794
3634,6.052967,141.054
3635,6.054633,141.054
3636,6.0563,140.883
3637,6.058017,140.943
3638,6.059633,140.697
3639,6.0613,140.697
3640,6.062967,140.287
3641,6.064633,140.466
3642,6.0663,140.525
3643,6.067967,140.525
3644,6.069633,140.354
3645,6.0713,140.51
3646,6.072967,140.51
3647,6.074633,140.272
3648,6.076283,140.198
3649,6.077967,140.317
3650,6.079617,140.317
3651,6.081283,140.354
3652,6.08295,140.391
3653,6.084617,140.384
3654,6.086283,140.384
3655,6.08795,140.585
3656,6.089617,140.645
3657,6.091283,140.734
3658,6.09295,140.734
3659,6.094617,140.809
3660,6.096283,140.637
3661,6.09795,140.265
3662,6.099617,140.265
3663,6.101283,140.019
3664,6.10295,140.093
3665,6.104617,140.093
3666,6.106283,139.982
3667,6.10795,140.51
3668,6.109617,140.667
3669,6.111283,140.667
3670,6.11295,140.682
3671,6.114617,140.712
3672,6.116283,140.16
3673,6.11795,140.16
3674,6.119617,140.242
3675,6.121283,139.9
3676,6.12295,139.944
3677,6.124617,139.944
3678,6.126283,140.138
3679,6.12795,140.138
3680,6.129617,140.138
3681,6.131283,140.175
3682,6.13295,140.302
3683,6.134617,140.116
3684,6.136267,140.116
3685,6.137933,140.198
3686,6.1396,140.227
3687,6.1413,140.391
3688,6.143,140.391
3689,6.1446,140.451
3690,6.146267,140.078
3691,6.147933,140.004
3692,6.1496,140.004
3693,6.151267,139.609
3694,6.152933,139.982
3695,6.1546,140.361
3696,6.156267,140.361
3697,6.157933,140.361
3698,6.159683,140.727
3699,6.161267,140.727
3700,6.162933,140.674
3701,6.1646,140.481
3702,6.166267,140.622
3703,6.167917,140.622
3704,6.169583,140.324
3705,6.17125,140.287
3706,6.172917,140.28
3707,6.174583,140.28
3708,6.176367,140.496
3709,6.177917,140.868
3710,6.179583,140.741
3711,6.181267,140.741
3712,6.182917,140.645
3713,6.184583,140.212
3714,6.18625,140.212
3715,6.187917,140.22
3716,6.189583,140.22
3717,6.19125,140.376
3718,6.192917,140.376
3719,6.194567,140.496
3720,6.196233,140.212
3721,6.1979,140.361
3722,6.199567,140.361
3723,6.201233,140.123
3724,6.2029,140.153
3725,6.204567,139.982
3726,6.206233,139.982
3727,6.2079,140.019
3728,6.209567,140.54
3729,6.21125,140.6
3730,6.212917,140.6
3731,6.214567,140.913
3732,6.216233,140.92
3733,6.2179,140.92
3734,6.219567,140.6
3735,6.221233,140.54
3736,6.2229,140.391
3737,6.224567,140.391
3738,6.226233,140.093
3739,6.2279,139.78
3740,6.229567,139.885
3741,6.231233,139.885
3742,6.2329,139.832
3743,6.234567,139.862
3744,6.236233,140.302
3745,6.2379,140.302
3746,6.239567,140.354
3747,6.241233,140.384
3748,6.2429,140.384
3749,6.244567,140.607
3750,6.246233,140.503
3751,6.2479,140.287
3752,6.249567,140.287
3753,6.251233,140.376
3754,6.2529,140.235
3755,6.25455,140.227
3756,6.256217,140.227
3757,6.257883,140.451
3758,6.25955,140.272
3759,6.261267,140.309
3760,6.262883,140.309
3761,6.26455,140.026
3762,6.266217,139.952
3763,6.267883,139.952
3764,6.26955,140.235
3765,6.271217,140.429
3766,6.272883,140.727
3767,6.27455,140.727
3768,6.276217,140.779
3769,6.277883,140.719
3770,6.27955,140.57
3771,6.281217,140.57
3772,6.282883,140.615
3773,6.284567,140.518
3774,6.286217,140.548
3775,6.287883,140.548
3776,6.28955,140.704
3777,6.291217,140.682
3778,6.292883,140.548
3779,6.29465,140.548
3780,6.296217,140.369
3781,6.297883,140.131
3782,6.29955,140.131
3783,6.301217,140.145
3784,6.302883,140.257
3785,6.30455,140.414
3786,6.306217,140.414
3787,6.307883,140.466
3788,6.30955,140.458
3789,6.311317,140.466
3790,6.312883,140.466
3791,6.314533,140.332
3792,6.3162,140.28
3793,6.317867,140.317
3794,6.319533,140.317
3795,6.3212,140.361
3796,6.322867,140.496
3797,6.324533,140.496
3798,6.3262,140.823
3799,6.327867,140.801
3800,6.329533,140.585
3801,6.3312,140.585
3802,6.332867,140.645
3803,6.334533,140.242
3804,6.3362,139.914
3805,6.337867,139.914
3806,6.339533,140.041
3807,6.3412,139.87
3808,6.342867,139.765
3809,6.344533,139.765
3810,6.3462,140.212
3811,6.347867,140.242
3812,6.349533,140.056
3813,6.3512,140.056
3814,6.352867,139.952
3815,6.354533,139.512
3816,6.3562,139.512
3817,6.357867,139.363
3818,6.35955,139.885
3819,6.3612,140.265
3820,6.362867,140.265
3821,6.364533,140.458
3822,6.366217,140.384
3823,6.367867,140.16
3824,6.369533,140.16
3825,6.3712,139.892
3826,6.372867,139.832
3827,6.374517,140.257
3828,6.376183,140.257
3829,6.37785,140.503
3830,6.379517,140.592
3831,6.381183,140.592
3832,6.38285,140.555
3833,6.384517,140.332
3834,6.386183,140.227
3835,6.38785,140.227
3836,6.389517,140.347
3837,6.391183,140.451
3838,6.39285,140.496
3839,6.394517,140.496
3840,6.396267,140.361
3841,6.39785,140.123
3842,6.399517,140.034
3843,6.401183,140.034
3844,6.40285,139.84
3845,6.404517,139.721
3846,6.406183,139.751
3847,6.40785,139.751
3848,6.409533,139.602
3849,6.411183,139.646
3850,6.4129,139.646
3851,6.414517,139.78
3852,6.416183,139.818
3853,6.41785,140.019
3854,6.419517,140.019
3855,6.421183,140.056
3856,6.42285,139.847
3857,6.424517,139.892
3858,6.426183,139.892
3859,6.42785,139.713
3860,6.429617,139.691
3861,6.431183,139.527
3862,6.43285,139.527
3863,6.4345,139.46
3864,6.4362,139.639
3865,6.437833,139.639
3866,6.4395,139.482
3867,6.441167,139.81
3868,6.442833,139.952
3869,6.4445,139.952
3870,6.446167,139.847
3871,6.447833,139.9
3872,6.4495,139.721
3873,6.451167,139.721
3874,6.452833,139.989
3875,6.4545,140.205
3876,6.456167,140.287
3877,6.457833,140.287
3878,6.459483,140.265
3879,6.46115,140.101
3880,6.462817,140.101
3881,6.464483,140.198
3882,6.46615,140.458
3883,6.467817,140.682
3884,6.469483,140.682
3885,6.47115,140.607
3886,6.472817,140.19
3887,6.474483,140.28
3888,6.47615,140.28
3889,6.477817,140.235
3890,6.479483,140.16
3891,6.48115,140.592
3892,6.482817,140.592
3893,6.484483,140.168
3894,6.48615,140.22
3895,6.487817,140.287
3896,6.489483,140.287
3897,6.49115,140.153
3898,6.492817,140.361
3899,6.494467,140.361
3900,6.496133,140.585
3901,6.497817,140.674
3902,6.499517,140.756
3903,6.501133,140.756
3904,6.5028,140.913
3905,6.504467,140.578
3906,6.506133,140.235
3907,6.5078,140.235
3908,6.509467,139.967
3909,6.511133,139.892
3910,6.5128,139.982
3911,6.514467,139.982
3912,6.516133,140.339
3913,6.5178,140.488
3914,6.519467,140.488
3915,6.521133,140.615
3916,6.5228,140.533
3917,6.524467,140.242
3918,6.526133,140.242
3919,6.5278,140.406
3920,6.529467,140.265
3921,6.531233,140.309
3922,6.5328,140.309
3923,6.534467,140.503
3924,6.536133,140.242
3925,6.5378,140.212
3926,6.539467,140.212
3927,6.541133,140.391
3928,6.5428,140.443
3929,6.544467,140.384
3930,6.54615,140.384
3931,6.5479,140.175
3932,6.549467,139.706
3933,6.551133,139.706
3934,6.5528,139.497
3935,6.55445,139.87
3936,6.556117,140.123
3937,6.557783,140.123
3938,6.55945,140.294
3939,6.561117,140.272
3940,6.562783,139.877
3941,6.56445,139.877
3942,6.566117,139.803
3943,6.567783,139.751
3944,6.56945,140.019
3945,6.571117,140.019
3946,6.572783,140.123
3947,6.574483,140.019
3948,6.576117,140.019
3949,6.577783,140.034
3950,6.57945,139.952
3951,6.581117,140.153
3952,6.582783,140.153
3953,6.584467,140.399
3954,6.586117,140.578
3955,6.587783,140.578
3956,6.58945,140.578
3957,6.591117,140.242
3958,6.592783,139.885
3959,6.59445,139.743
3960,6.596117,139.743
3961,6.597783,139.795
3962,6.59945,140.026
3963,6.601117,140.131
3964,6.602783,140.131
3965,6.60445,140.086
3966,6.606117,139.877
3967,6.607783,139.877
3968,6.60945,140.026
3969,6.611117,140.198
3970,6.612783,140.391
3971,6.614433,140.391
3972,6.616133,140.212
3973,6.617767,140.019
3974,6.619433,139.989
3975,6.6211,139.989
3976,6.622767,140.235
3977,6.624433,140.376
3978,6.6261,140.116
3979,6.627767,140.116
3980,6.629433,140.28
3981,6.6311,139.9
3982,6.632767,139.9
3983,6.634433,139.818
3984,6.6361,140.116
3985,6.637767,139.9
3986,6.639433,139.9
3987,6.6411,139.862
3988,6.642783,139.937
3989,6.644433,139.989
3990,6.6461,139.989
3991,6.647767,140.399
3992,6.649433,140.823
3993,6.6511,140.913
3994,6.652767,140.913
3995,6.654433,140.727
3996,6.6561,140.429
3997,6.657767,140.429
3998,6.659433,140.369
3999,6.6611,140.22
4000,6.662767,140.183
4001,6.664433,140.183
4002,6.6662,140.175
4003,6.667767,139.832
4004,6.669433,140.056
4005,6.6711,140.056
4006,6.672767,140.22
4007,6.674417,140.093
4008,6.676083,140.339
4009,6.67775,140.339
4010,6.679417,140.451
4011,6.681083,140.563
4012,6.68275,140.615
4013,6.684417,140.615
4014,6.686083,140.235
4015,6.68775,139.907
4016,6.689417,139.907
4017,6.691083,139.9
4018,6.69275,139.751
4019,6.694417,139.996
4020,6.696083,139.996
4021,6.69775,140.101
4022,6.699417,139.974
4023,6.701083,139.989
4024,6.70275,139.989
4025,6.704417,139.914
4026,6.706117,139.922
4027,6.70775,140.078
4028,6.709417,140.078
4029,6.711083,140.168
4030,6.71275,140.041
4031,6.714417,140.041
4032,6.716083,140.004
4033,6.71775,140.041
4034,6.719417,140.123
4035,6.721083,140.123
4036,6.72275,140.384
4037,6.724417,140.302
4038,6.726083,140.093
4039,6.72775,140.093
4040,6.729417,140.183
4041,6.731083,140.145
4042,6.73275,140.332
4043,6.7344,140.332
4044,6.736067,140.451
4045,6.737733,140.332
4046,6.7394,140.406
4047,6.741067,140.406
4048,6.742733,140.496
4049,6.7444,140.503
4050,6.746067,140.503
4051,6.747733,140.51
4052,6.749383,140.339
4053,6.7511,140.28
4054,6.752717,140.28
4055,6.754383,140.235
4056,6.75605,140.16
4057,6.757717,140.108
4058,6.7594,140.108
4059,6.76105,140.227
4060,6.762717,140.041
4061,6.764383,140.16
4062,6.76605,140.16
4063,6.767717,140.175
4064,6.769383,140.063
4065,6.77105,140.063
4066,6.772717,140.361
4067,6.774383,140.578
4068,6.77605,140.727
4069,6.777717,140.727
4070,6.779383,140.704
4071,6.78105,140.265
4072,6.782717,139.825
4073,6.784483,139.825
4074,6.78605,139.728
4075,6.787717,139.832
4076,6.789383,140.019
4077,6.791067,140.019
4078,6.792717,140.347
4079,6.794367,140.451
4080,6.796033,140.451
4081,6.7977,140.309
4082,6.799367,140.481
4083,6.801033,140.131
4084,6.8027,140.131
4085,6.804367,139.982
4086,6.806033,139.952
4087,6.8077,139.736
4088,6.809367,139.736
4089,6.811033,140.145
4090,6.8127,140.063
4091,6.814367,140.004
4092,6.816033,140.004
4093,6.8177,139.922
4094,6.819367,139.505
4095,6.821033,139.378
4096,6.8227,139.378
4097,6.824367,139.43
4098,6.826033,139.49
4099,6.8277,139.49
4100,6.829367,139.534
4101,6.831033,139.557
4102,6.8327,139.676
4103,6.834367,139.676
4104,6.836033,140.011
4105,6.8377,139.937
4106,6.839367,140.16
4107,6.841033,140.16
4108,6.8427,140.384
4109,6.844367,140.361
4110,6.846033,140.734
4111,6.8477,140.734
4112,6.849367,140.592
4113,6.851033,140.406
4114,6.8527,140.406
4115,6.854383,140.257
4116,6.856017,140.041
4117,6.857717,140.049
4118,6.85935,140.049
4119,6.861017,139.937
4120,6.862683,139.743
4121,6.86435,139.765
4122,6.866017,139.765
4123,6.867683,140.071
4124,6.8694,139.84
4125,6.871017,139.87
4126,6.872683,139.87
4127,6.87435,139.885
4128,6.876017,139.788
4129,6.877683,140.019
4130,6.87935,140.019
4131,6.881017,140.399
4132,6.882683,140.563
4133,6.88435,140.563
4134,6.886017,140.384
4135,6.887683,140.272
4136,6.88935,140.205
4137,6.891017,140.205
4138,6.892683,139.974
4139,6.89435,140.257
4140,6.896017,140.548
4141,6.897683,140.548
4142,6.89935,140.324
4143,6.901017,140.227
4144,6.902783,140.019
4145,6.90435,140.019
4146,6.906017,139.721
4147,6.907683,139.661
4148,6.90935,139.661
4149,6.911017,139.646
4150,6.912683,139.81
4151,6.91435,139.989
4152,6.916,139.989
4153,6.917667,140.078
4154,6.919333,140.272
4155,6.921,140.324
4156,6.922667,140.324
4157,6.924333,140.168
4158,6.926,140.034
4159,6.927667,139.937
4160,6.929333,139.937
4161,6.931,139.579
4162,6.9327,139.721
4163,6.934367,139.855
4164,6.936,139.855
4165,6.937667,139.989
4166,6.939333,140.287
4167,6.941,140.287
4168,6.942667,140.429
4169,6.944333,140.615
4170,6.946,140.712
4171,6.947667,140.712
4172,6.949333,140.615
4173,6.951,140.257
4174,6.952667,139.967
4175,6.954333,139.967
4176,6.956,140.093
4177,6.957667,140.391
4178,6.959333,140.488
4179,6.961,140.488
4180,6.962667,140.324
4181,6.964333,139.832
4182,6.966,139.832
4183,6.967667,139.683
4184,6.969333,139.922
4185,6.971,140.212
4186,6.97265,140.212
4187,6.974317,140.361
4188,6.975983,140.041
4189,6.97765,139.818
4190,6.979317,139.818
4191,6.980983,139.609
4192,6.98265,139.691
4193,6.984317,139.996
4194,6.985983,139.996
4195,6.9877,140.25
4196,6.989317,140.548
4197,6.990983,140.324
4198,6.99265,140.324
4199,6.994317,139.937
4200,6.995983,139.572
4201,6.99765,139.572
4202,6.999317,139.326
4203,7.000983,139.318
4204,7.00265,139.527
4205,7.004417,139.527
4206,7.006,139.743
4207,7.00765,139.78
4208,7.009317,139.78
4209,7.010983,139.78
4210,7.01265,139.765
4211,7.014317,139.549
4212,7.015983,139.624
4213,7.01765,139.624
4214,7.019317,139.661
4215,7.021083,139.624
4216,7.02265,139.624
4217,7.024317,140.086
4218,7.025983,139.952
4219,7.02765,140.294
4220,7.029317,140.294
4221,7.030983,140.421
4222,7.03265,140.22
4223,7.0343,140.227
4224,7.035967,140.227
4225,7.037633,139.929
4226,7.0393,140.026
4227,7.04095,140.101
4228,7.042617,140.101
4229,7.044283,140.086
4230,7.04595,140.257
4231,7.047617,140.257
4232,7.049283,140.198
4233,7.05095,140.034
4234,7.052617,140.25
4235,7.054283,140.25
4236,7.05595,140.19
4237,7.057617,140.131
4238,7.059283,140.205
4239,7.06095,140.205
4240,7.062617,140.481
4241,7.064283,140.473
4242,7.06595,140.719
4243,7.067617,140.719
4244,7.069283,140.786
4245,7.07095,140.496
4246,7.072617,140.443
4247,7.074283,140.443
4248,7.075967,140.116
4249,7.077617,140.071
4250,7.079283,140.071
4251,7.08095,140.071
4252,7.082617,140.287
4253,7.084283,140.436
4254,7.08595,140.436
4255,7.087633,140.198
4256,7.089283,140.041
4257,7.09095,139.929
4258,7.092617,139.929
4259,7.094267,139.751
4260,7.095933,139.683
4261,7.0976,139.84
4262,7.099267,139.84
4263,7.100933,139.609
4264,7.1026,139.482
4265,7.104267,139.482
4266,7.105967,139.542
4267,7.1076,139.438
4268,7.109267,139.728
4269,7.110933,139.728
4270,7.1126,139.81
4271,7.114267,140.175
4272,7.115933,140.101
4273,7.1176,140.101
4274,7.119267,139.691
4275,7.120933,139.609
4276,7.122667,139.229
4277,7.124267,139.229
4278,7.125933,139.453
4279,7.1276,139.773
4280,7.129267,139.914
4281,7.130933,139.914
4282,7.1326,140.227
4283,7.134267,140.071
4284,7.135933,140.071
4285,7.1376,139.982
4286,7.139367,139.996
4287,7.140933,139.944
4288,7.1426,139.944
4289,7.144267,140.153
4290,7.145933,140.339
4291,7.1476,140.421
4292,7.149267,140.421
4293,7.150933,140.361
4294,7.1526,140.429
4295,7.154267,140.443
4296,7.15605,140.443
4297,7.157583,140.361
4298,7.15925,140.227
4299,7.160917,140.227
4300,7.1626,139.78
4301,7.16425,139.341
4302,7.165917,139.482
4303,7.167583,139.482
4304,7.16925,139.669
4305,7.170917,140.011
4306,7.172583,140.242
4307,7.17425,140.242
4308,7.175917,140.339
4309,7.177583,140.078
4310,7.17925,139.892
4311,7.180917,139.892
4312,7.182583,139.922
4313,7.18425,139.728
4314,7.185917,140.056
4315,7.187583,140.056
4316,7.18925,139.944
4317,7.190917,140.004
4318,7.192583,140.004
4319,7.19425,140.22
4320,7.195917,140.294
4321,7.197583,140.406
4322,7.19925,140.406
4323,7.200917,140.429
4324,7.202583,140.071
4325,7.20425,139.818
4326,7.205917,139.818
4327,7.207583,139.698
4328,7.20925,139.765
4329,7.210917,140.123
4330,7.212583,140.123
4331,7.214233,140.168
4332,7.2159,140.54
4333,7.217567,140.54
4334,7.219233,140.54
4335,7.2209,140.451
4336,7.222567,140.481
4337,7.22425,140.481
4338,7.2259,140.287
4339,7.227567,140.265
4340,7.229233,140.212
4341,7.2309,140.212
4342,7.232567,140.063
4343,7.234233,140.101
4344,7.2359,139.862
4345,7.237567,139.862
4346,7.239233,139.52
4347,7.240983,139.475
4348,7.242567,139.475
4349,7.244233,139.408
4350,7.2459,139.423
4351,7.247567,139.751
4352,7.249233,139.751
4353,7.2509,139.81
4354,7.252567,139.683
4355,7.254233,140.019
4356,7.2559,140.019
4357,7.257633,140.049
4358,7.259233,140.28
4359,7.2609,140.637
4360,7.262567,140.637
4361,7.264233,140.66
4362,7.2659,140.481
4363,7.267567,140.153
4364,7.269233,140.153
4365,7.2709,140.019
4366,7.272567,139.862
4367,7.274333,140.19
4368,7.275883,140.19
4369,7.27755,140.488
4370,7.279217,140.51
4371,7.280883,140.51
4372,7.28255,140.406
4373,7.284217,140.414
4374,7.285883,140.212
4375,7.28755,140.212
4376,7.289217,139.944
4377,7.290883,139.944
4378,7.29255,139.676
4379,7.294217,139.676
4380,7.295883,139.87
4381,7.29755,139.929
4382,7.299217,139.929
4383,7.300883,140.116
4384,7.30255,140.123
4385,7.304217,140.145
4386,7.305883,140.145
4387,7.30755,140.421
4388,7.309217,140.347
4389,7.310883,140.093
4390,7.31255,140.093
4391,7.314217,139.914
4392,7.315883,139.624
4393,7.31755,139.475
4394,7.319217,139.475
4395,7.320883,139.78
4396,7.32255,139.676
4397,7.324217,139.676
4398,7.325883,139.676
4399,7.32755,139.721
4400,7.329217,139.773
4401,7.330883,139.773
4402,7.332533,139.952
4403,7.334183,140.004
4404,7.33585,140.026
4405,7.337533,140.026
4406,7.3392,140.212
4407,7.340883,140.153
4408,7.342517,140.19
4409,7.344183,140.19
4410,7.34585,140.361
4411,7.347517,139.892
4412,7.349183,139.803
4413,7.35085,139.803
4414,7.352517,139.87
4415,7.354183,139.944
4416,7.35585,139.944
4417,7.357517,140.138
4418,7.359217,140.153
4419,7.36085,139.982
4420,7.362517,139.982
4421,7.364183,139.81
4422,7.365867,139.751
4423,7.367517,139.758
4424,7.369183,139.758
4425,7.37085,139.847
4426,7.372517,139.676
4427,7.374183,139.602
4428,7.3759,139.602
4429,7.377517,139.594
4430,7.379183,139.855
4431,7.38085,139.877
4432,7.382517,139.877
4433,7.384183,139.832
4434,7.38585,139.743
4435,7.387517,139.743
4436,7.389183,139.497
4437,7.39085,139.736
4438,7.392633,140.153
4439,7.394167,140.153
4440,7.395833,140.391
4441,7.3975,140.458
4442,7.399167,140.108
4443,7.400833,140.108
4444,7.4025,139.81
4445,7.404167,139.914
4446,7.405833,140.004
4447,7.4075,140.004
4448,7.409167,140.287
4449,7.410833,140.458
4450,7.4125,140.458
4451,7.414167,140.324
4452,7.415833,140.287
4453,7.4175,140.063
4454,7.419167,140.063
4455,7.420833,140.086
4456,7.4225,140.101
4457,7.424167,140.302
4458,7.425833,140.302
4459,7.4275,140.458
4460,7.429183,140.473
4461,7.430833,140.406
4462,7.4325,140.406
4463,7.434167,140.332
4464,7.435833,140.28
4465,7.4375,140.28
4466,7.439167,140.436
4467,7.440833,140.257
4468,7.4425,139.944
4469,7.444167,139.944
4470,7.445833,140.049
4471,7.4475,139.587
4472,7.449167,139.773
4473,7.450833,139.773
4474,7.452483,139.952
4475,7.454167,139.967
4476,7.455817,139.914
4477,7.457483,139.914
4478,7.45915,140.019
4479,7.460817,140.138
4480,7.462483,140.063
4481,7.46415,140.063
4482,7.465817,140.518
4483,7.467483,140.503
4484,7.46915,140.503
4485,7.470817,140.25
4486,7.472483,140.205
4487,7.47415,140.049
4488,7.475817,140.049
4489,7.47755,139.892
4490,7.47915,139.877
4491,7.480817,140.123
4492,7.482483,140.123
4493,7.48415,139.78
4494,7.485817,140.026
4495,7.487483,140.339
4496,7.48915,140.339
4497,7.490817,140.049
4498,7.492483,140.533
4499,7.49415,140.533
4500,7.495817,140.406
4501,7.497483,140.056
4502,7.49915,140.235
4503,7.500817,140.235
4504,7.502483,140.116
4505,7.50415,140.056
4506,7.505817,140.257
4507,7.507483,140.257
4508,7.50915,140.093
4509,7.510933,139.847
4510,7.512483,139.788
4511,7.514133,139.788
4512,7.5158,139.736
4513,7.517467,139.713
4514,7.519133,139.773
4515,7.5208,139.773
4516,7.522467,139.728
4517,7.524133,139.832
4518,7.5258,139.832
4519,7.527467,140.19
4520,7.529133,140.354
4521,7.5308,140.496
4522,7.532467,140.496
4523,7.534133,140.421
4524,7.5358,140.123
4525,7.537467,140.22
4526,7.539133,140.22
4527,7.5408,140.369
4528,7.542467,140.235
4529,7.544133,139.989
4530,7.5458,139.989
4531,7.547467,139.914
4532,7.549133,139.832
4533,7.5508,139.832
4534,7.552467,140.056
4535,7.554133,140.555
4536,7.5558,140.697
4537,7.557467,140.697
4538,7.559133,140.838
4539,7.5608,140.689
4540,7.562467,140.518
4541,7.564133,140.518
4542,7.5658,140.28
4543,7.567467,140.019
4544,7.569133,139.996
4545,7.5708,139.996
4546,7.572467,139.952
4547,7.574117,140.16
4548,7.575783,140.026
4549,7.577483,140.026
4550,7.579117,139.907
4551,7.580783,139.855
4552,7.58245,139.855
4553,7.584117,139.743
4554,7.585783,140.123
4555,7.58745,140.302
4556,7.589117,140.302
4557,7.590783,140.294
4558,7.59245,140.272
4559,7.594117,140.22
4560,7.595817,140.22
4561,7.59745,140.242
4562,7.599117,140.332
4563,7.600783,140.496
4564,7.60245,140.496
4565,7.604117,140.123
4566,7.605783,139.959
4567,7.60745,139.959
4568,7.609117,139.855
4569,7.610783,139.758
4570,7.61245,139.795
4571,7.614117,139.795
4572,7.615783,139.84
4573,7.61745,140.056
4574,7.619133,139.743
4575,7.620783,139.743
4576,7.62245,139.952
4577,7.6241,139.922
4578,7.625767,139.751
4579,7.627433,139.751
4580,7.629183,140.131
4581,7.630767,139.967
4582,7.632433,139.967
4583,7.634083,140.056
4584,7.63575,140.212
4585,7.637417,139.929
4586,7.639083,139.929
4587,7.64075,139.818
4588,7.642417,139.713
4589,7.644083,139.453
4590,7.64575,139.453
4591,7.647417,139.311
4592,7.649083,139.326
4593,7.65075,139.579
4594,7.652417,139.579
4595,7.654083,139.795
4596,7.65575,140.093
4597,7.657417,140.287
4598,7.659083,140.287
4599,7.66075,139.996
4600,7.662417,139.788
4601,7.664083,139.788
4602,7.66575,139.594
4603,7.667417,139.467
4604,7.669083,139.557
4605,7.670767,139.557
4606,7.672417,139.609
4607,7.674083,139.557
4608,7.67575,139.49
4609,7.677417,139.49
4610,7.679083,139.698
4611,7.68075,139.713
4612,7.682417,139.646
4613,7.684083,139.646
4614,7.68575,140.078
4615,7.687417,140.041
4616,7.689083,140.041
4617,7.69075,140.086
4618,7.692417,140.376
4619,7.694067,140.496
4620,7.695733,140.496
4621,7.6974,140.153
4622,7.699067,139.907
4623,7.700733,139.803
4624,7.7024,139.803
4625,7.704067,139.527
4626,7.705733,139.847
4627,7.7074,140.004
4628,7.709067,140.004
4629,7.710733,139.937
4630,7.7124,140.086
4631,7.714083,140.101
4632,7.715733,140.101
4633,7.7174,140.399
4634,7.719067,140.369
4635,7.720733,140.369
4636,7.7224,140.376
4637,7.724067,140.22
4638,7.725733,140.138
4639,7.7274,140.138
4640,7.729067,140.339
4641,7.730733,139.974
4642,7.7324,139.914
4643,7.734067,139.914
4644,7.735733,139.81
4645,7.7374,139.564
4646,7.739067,139.87
4647,7.740733,139.87
4648,7.7424,140.086
4649,7.744067,139.996
4650,7.745733,139.996
4651,7.747517,140.078
4652,7.749067,139.698
4653,7.750733,139.579
4654,7.752383,139.579
4655,7.75405,139.602
4656,7.755717,139.572
4657,7.757383,139.832
4658,7.75905,139.832
4659,7.760733,140.026
4660,7.762383,139.996
4661,7.76405,139.929
4662,7.765717,139.929
4663,7.767383,139.944
4664,7.76905,139.959
4665,7.770717,139.937
4666,7.772383,139.937
4667,7.77405,140.004
4668,7.775717,139.862
4669,7.777383,139.862
4670,7.77905,139.885
4671,7.780717,139.974
4672,7.782383,139.937
4673,7.78405,139.937
4674,7.785717,139.81
4675,7.787383,139.49
4676,7.78905,139.341
4677,7.79075,139.341
4678,7.792383,139.251
4679,7.794067,139.52
4680,7.795717,139.52
4681,7.797383,139.52
4682,7.79905,139.758
4683,7.800717,139.974
4684,7.802383,139.974
4685,7.80405,139.78
4686,7.805717,140.168
4687,7.807383,140.287
4688,7.80905,140.287
4689,7.810717,140.22
4690,7.812383,140.302
4691,7.814033,139.944
4692,7.8157,139.944
4693,7.817367,139.765
4694,7.819033,139.989
4695,7.8207,139.9
4696,7.822367,139.9
4697,7.824033,140.108
4698,7.8257,140.145
4699,7.827367,140.145
4700,7.829033,140.168
4701,7.8307,140.481
4702,7.832417,140.525
4703,7.834033,140.525
4704,7.8357,140.57
4705,7.837367,140.466
4706,7.839033,140.153
4707,7.8407,140.153
4708,7.842367,139.937
4709,7.844033,139.84
4710,7.8457,139.736
4711,7.847367,139.736
4712,7.849033,140.138
4713,7.8507,140.265
4714,7.852367,140.22
4715,7.854033,140.22
4716,7.8557,140.324
4717,7.857367,140.242
4718,7.859033,140.242
4719,7.8607,140.28
4720,7.862367,140.265
4721,7.864033,140.093
4722,7.865817,140.093
4723,7.867367,139.922
4724,7.869033,139.87
4725,7.8707,139.907
4726,7.872367,139.907
4727,7.874017,140.093
4728,7.875683,140.116
4729,7.87735,140.205
4730,7.879017,140.205
4731,7.880683,140.131
4732,7.88235,139.989
4733,7.884017,139.989
4734,7.885683,139.862
4735,7.88735,139.639
4736,7.889017,139.736
4737,7.890683,139.736
4738,7.89235,139.773
4739,7.894017,139.996
4740,7.895683,140.056
4741,7.89735,140.056
4742,7.899017,139.989
4743,7.900683,140.041
4744,7.90235,140.294
4745,7.904017,140.294
4746,7.905683,140.712
4747,7.90735,140.853
4748,7.909017,140.704
4749,7.910683,140.704
4750,7.91235,140.123
4751,7.914017,139.609
4752,7.915667,139.609
4753,7.917333,139.736
4754,7.919,139.982
4755,7.920667,140.086
4756,7.922333,140.086
4757,7.924,139.959
4758,7.925667,139.661
4759,7.927333,139.393
4760,7.929,139.393
4761,7.930667,139.259
4762,7.932333,139.378
4763,7.933983,139.43
4764,7.93565,139.43
4765,7.937317,139.542
4766,7.938983,139.788
4767,7.94065,139.788
4768,7.942317,139.885
4769,7.943983,140.049
4770,7.94565,140.063
4771,7.947317,140.063
4772,7.948983,139.9
4773,7.9507,139.818
4774,7.952317,139.81
4775,7.953983,139.81
4776,7.95565,139.989
4777,7.957317,140.093
4778,7.958983,140.369
4779,7.96065,140.369
4780,7.962317,140.22
4781,7.963983,140.116
4782,7.96565,140.22
4783,7.967383,140.22
4784,7.969,140.101
4785,7.97065,139.959
4786,7.972317,139.959
4787,7.973983,139.885
4788,7.97565,139.765
4789,7.977317,139.639
4790,7.978983,139.639
4791,7.98065,139.564
4792,7.982317,139.497
4793,7.9841,139.497
4794,7.98565,139.497
4795,7.987317,139.661
4796,7.988983,139.736
4797,7.99065,139.788
4798,7.992317,139.788
4799,7.993967,139.721
4800,7.995633,139.84
4801,7.9973,139.84
4802,7.998967,140.116
4803,8.000633000000001,140.011
4804,8.0023,139.974
4805,8.003966999999999,139.974
4806,8.005633,139.892
4807,8.007332999999999,139.885
4808,8.008967,140.28
4809,8.010633,140.28
4810,8.0123,140.361
4811,8.013966999999999,140.399
4812,8.015632999999999,140.175
4813,8.017300000000001,140.175
4814,8.018967,139.602
4815,8.020633,139.52
4816,8.0223,139.52
4817,8.023967000000001,139.274
4818,8.025632999999999,139.467
4819,8.0273,139.646
4820,8.028967,139.646
4821,8.030633,139.773
4822,8.032299999999999,140.041
4823,8.033967000000001,139.721
4824,8.035633000000001,139.721
4825,8.0373,139.609
4826,8.038967,139.661
4827,8.040633,139.676
4828,8.042299999999999,139.676
4829,8.043967,139.825
4830,8.045633,140.22
4831,8.0473,140.078
4832,8.048966999999999,140.078
4833,8.050632999999999,139.683
4834,8.052300000000001,139.646
4835,8.05395,139.646
4836,8.055617,139.192
4837,8.057283,139.43
4838,8.058949999999999,139.408
4839,8.060617000000001,139.408
4840,8.062283000000001,139.706
4841,8.06395,140.205
4842,8.065617,140.25
4843,8.067283,140.25
4844,8.069017000000001,140.384
4845,8.070617,140.026
4846,8.072317,139.9
4847,8.07395,139.9
4848,8.075616999999999,139.609
4849,8.077283,139.453
4850,8.078950000000001,139.453
4851,8.080617,139.572
4852,8.082283,139.482
4853,8.08395,139.736
4854,8.085683,139.736
4855,8.087282999999999,139.974
4856,8.088950000000001,139.922
4857,8.090617,139.944
4858,8.092283,139.944
4859,8.09395,139.751
4860,8.095617000000001,139.922
4861,8.097282999999999,139.952
4862,8.09895,139.952
4863,8.100617,140.175
4864,8.102349999999999,140.376
4865,8.103949999999999,140.041
4866,8.105617000000001,140.041
4867,8.107283000000001,140.011
4868,8.10895,139.549
4869,8.110617,139.549
4870,8.112283,139.251
4871,8.113932999999999,139.356
4872,8.115600000000001,139.393
4873,8.117267,139.393
4874,8.11905,139.691
4875,8.1206,139.929
4876,8.122267000000001,139.922
4877,8.123932999999999,139.922
4878,8.1256,140.019
4879,8.127267,139.832
4880,8.128933,139.751
4881,8.130599999999999,139.751
4882,8.132267000000001,139.855
4883,8.133933000000001,139.706
4884,8.1356,139.706
4885,8.137267,139.877
4886,8.138933,139.982
4887,8.140599999999999,140.019
4888,8.142267,140.019
4889,8.143933000000001,140.302
4890,8.145617,140.369
4891,8.147266999999999,140.101
4892,8.148967000000001,140.101
4893,8.150600000000001,139.81
4894,8.152267,139.788
4895,8.153933,139.676
4896,8.1556,139.676
4897,8.157266999999999,140.116
4898,8.158932999999999,140.51
4899,8.160600000000001,140.25
4900,8.162267,140.25
4901,8.163933,140.466
4902,8.1656,140.011
4903,8.167267000000001,140.011
4904,8.168933000000001,139.669
4905,8.1706,140.041
4906,8.172267,139.922
4907,8.173916999999999,139.922
4908,8.175583,139.967
4909,8.177250000000001,139.944
4910,8.178917,139.661
4911,8.180583,139.661
4912,8.18225,139.162
4913,8.183916999999999,139.281
4914,8.185582999999999,139.46
4915,8.187250000000001,139.46
